215043
172036
53254
122888
73755
163867
53284
59438
79920
47153
215091
268346
30779
24639
141381
79945
96335
61520
266328
49243
186460
168029
256105
75886
10354
254068
90231
239736
206972
209023
213119
229505
188554
241802
104588
231573
127126
92316
256165
67754
98474
198832
98484
82102
8380
67782
254156
250061
26834
153810
26838
65752
18650
162019
151787
92399
221424
246000
258291
129268
262391
217337
217352
35081
160009
225549
125203
80157
125217
151843
55591
94513
241970
186685
246077
98628
276804
233798
112974
37202
8530
10578
172374
225634
76135
51561
33131
104812
250219
274808
186784
244135
70065
70066
139706
207304
10697
233928
129485
55760
37332
125396
248277
172513
223715
20971
248301
135665
250353
199175
35339
4622
92693
207383
119325
182818
129572
184885
72247
209464
227898
76350
141888
27204
275016
250444
92754
90721
60014
168563
225910
148091
232060
195198
250494
21141
238231
90776
234137
92827
21156
4776
82602
78507
248492
195247
72368
107189
215733
66247
260808
43726
125655
234205
129767
103144
232176
203506
45835
224013
58134
68375
33567
4896
119583
115495
244526
219951
252719
125749
238390
37689
78655
179012
150344
222026
6989
70479
70480
246609
43864
164706
66428
248704
78722
242562
152461
58255
7060
201641
142253
230317
252846
23475
142262
275387
101311
207811
275400
27596
56272
99281
146386
115679
27616
177120
105450
259057
154611
7156
41980
244742
177164
56342
136217
52256
187425
230434
1063
9258
250933
33855
105536
103490
13380
1094
105555
76888
68700
138334
3168
23650
181361
238711
74873
179327
74892
91281
99474
218261
31900
11425
97443
42162
240822
228547
158917
54474
15575
197859
234736
156924
277756
263422
109823
183568
197911
255260
91430
277798
136491
97582
25904
243004
277823
232773
277844
73045
105813
3418
238939
130400
46436
136549
28006
195943
206187
81263
167279
73079
267645
5506
21895
32135
208267
171409
81298
66964
9625
50596
42408
204206
44472
32192
122305
99783
26057
89548
34256
142801
216534
36313
38365
220638
54751
17890
271843
67072
275971
255493
130581
50714
112169
5674
13872
241202
65098
128593
20056
167519
67174
204390
267881
5741
181870
263793
179835
200323
185992
261768
259723
50828
272015
102033
247447
77469
122530
120485
59059
73399
7864
50873
151224
48827
38595
149198
32467
98010
181984
179947
106220
171758
155376
237297
52987
159483
161539
237323
141070
163600
210706
96027
83740
157468
30495
202536
42798
204592
32569
48958
173888
40775
239434
204619
173908
38741
32599
239449
151405
65398
219005
59266
219013
1928
130952
200585
65419
253847
135064
259994
59291
130985
12209
260093
182202
98235
77772
241614
180177
159701
22486
135129
73691
6112
274402
92132
75749
112621
163824
26616
94205
184319
