0971181802
1931514496
0915811006
1932480099
1931514933
1931514461
0934998191
0966410076
0960432035
0972825606
0972393617
0915132664
0916441237
0964060515
0962513644
0966760409
1931543380
1930709323
0971865906
0930948068
0967725518
0962959138
0930625765
0921870825
0945564058
0971457646
0933377207
0812575482
0842336214
0812539389
0872860175
0812590244
0812550706
0812550307
081297106X
0812533550
0875421180
0816707979
0886774012
0812575717
0803728492
0836221192
0859696707
0802134475
0874776945
0892132922
0836251822
1853260150
088038722X
0805210555
0812570944
0843948302
1853260363
0812970802
0806516542
0875427332
0821767852
0891090665
0812967240
0812551702
1853261580
0812550927
0812508645
0812971043
0886776686
0887308589
0805061835
0812532597
0812543262
0812502124
0812533534
0886773776
0806624302
0877282684
0850307147
087542127X
0886776430
0804120021
0804117683
1892065444
0812510992
0887307876
0807554014
0807553794
0807503673
0807515604
0802130313
0805047905
0836204158
0881845434
0886770041
0882077449
0812549872
0886772214
0881840238
0873513223
0805013342
0821770829
0804114862
0812505182
0807552933
0890090572
0871137534
0805061762
1852426861
1860491022
1840221135
0805057757
0805060065
0805210601
0886776341
0804115486
0893757128
0886778980
0805044280
0836217373
0849916526
0873529758
0874061253
0812097815
0804116733
0812575059
0822005336
0822011085
0812508572
0887308716
0886774772
1853260606
0849953235
0849953200
0812035720
1878685589
0893754153
0843952180
0888992750
0816739161
0886775027
0805210415
0843105593
084395146X
0881339393
0816611289
087123839X
0812568834
0844226866
0891075925
0882435183
0808511394
081256166X
1840223014
0843948701
0843945680
2877141535
1892213605
1892213516
1842120182
1865082783
0888990820
0877795053
0803717237
0851512593
0886777992
083081650X
1842550535
1864502029
0898797624
080706775X
0886775132
0871233215
0813027187
0824819748
0825435595
0812570995
0816717095
1857989805
0801064392
0895867753
0812043448
0812520602
0812557891
0802134459
0804834687
0812968646
0830812180
0824818849
0802139272
0812571363
0801064333
0887430244
081673688X
189659770X
089594409X
1878624423
0877287783
1853260142
0890878153
0809228408
0816748128
0849939186
0877956006
0842356223
087364574X
1880284405
0812575741
0823003396
0856405035
1862040257
0806520639
1857239881
089281764X
0895871335
0812924789
0895941228
0875425933
0812968220
1853712817
080501246X
0891078029
1853268968
0807065072
0805061711
0812695453
0821727338
0812967607
0816713383
1883697867
0872204944
0876858647
089375353X
0875421377
188364254X
1858813964
0872200620
0872206130
0836815734
1888777877
0891076719
0879759712
0816745250
0802470203
1858817218
1842125850
0821760963
081302448X
0881010855
083760463X
0884041948
0812580869
0849936896
0849943213
0802433707
0899682839
0821764608
1878067966
0816716226
0812570243
0821758861
080281851X
080502557X
0875423574
1899598014
0838820905
0891073701
0786913878
0786868015
0786886463
0786890436
0763615382
0743437810
0743456866
0786866462
0767905180
0743469801
0743243315
0743469844
0743454146
0743456378
0743412753
0765349671
076790592X
0786862564
0786867647
0786888741
078688942X
0743424107
0786888067
0743418735
0757300243
0767908260
0757300618
078688908X
0743437802
0739408461
0714827363
0786889608
0757300006
078681358X
0756400627
0740704818
0765341093
0752837192
0751531111
0786862726
0759101116
0751503894
0767908198
0786800909
0747272646
0765342219
0761107568
0758205937
0743451511
0785807217
0767902815
0786814934
0743464680
0749719273
0773760059
0786866705
0756400309
0743451422
0743411404
0743467426
0743406125
0743480910
0738200654
0765300974
0758204787
073820675X
0749932058
0743232100
0765345005
0743451805
0732907845
0785264728
0743213807
0764551531
0785808698
0743410017
0771061714
0743412850
0758205503
0752223283
0789122529
0743216385
0743456807
0744560837
0743464818
0749918705
076455302X
0761500278
0743244028
0786811161
0771069618
076455395X
0786889969
0786818603
078691355X
0786929235
0786003790
0786200715
0712672141
0764551167
0764586475
0764585789
0785272798
1740594479
0761123148
0786890088
0735202001
0764586076
078795599X
0761502351
0743411218
0789415496
0746005121
0710509308
0765303671
0785267050
0764120859
0755101782
078681568X
0771056230
0771056427
0771056435
0764550500
0749708905
0785265791
0786918764
0736903623
0751302759
0723262535
0751364479
0671867156
0684848783
0609605925
0679801146
068983585X
067102535X
0671721038
0671311891
0671004565
0670030643
0609600745
0671042262
0671024248
0679446486
0671705997
0671695304
0679766758
0671004107
0684841347
0671676253
0671028367
0609807919
0684865742
0671516922
0671024426
0671041789
0671039857
0670031062
0671019929
0671541749
0671722840
0671737295
0679735909
0679463321
0671670689
0671011375
0670894508
0671038567
0671894455
068419337X
0671644475
0679762671
0671684256
0671023535
0670825379
0684810395
0679727299
0671568841
0671528068
0679425268
0671722891
0671017276
0689824750
0671535552
0679740678
0679723005
0679783598
0671695126
0671729403
0671729446
0671026682
0671660632
0679457526
0671019740
0671039903
067101417X
0671693816
0688075665
0671521101
0671027646
0679723692
0684818981
0670826472
0684867672
0671003364
0671509810
0679742298
0679844074
0679737383
0671019295
067972723X
0679725415
0671872680
0671722778
0671549170
0671201565
0679748261
0671794388
067104270X
0671032577
0688159079
0679433074
0671727672
0671873210
0671722859
9681501225
0671040588
067103930X
0671493043
0684825910
0671727125
0671738690
0671463144
0671876260
0689826990
067173914X
0688066496
0679753796
0689845332
0609600672
0670857246
0671897071
0679773533
067186419X
0609804197
0631159282
0689504799
0671775413
0671898604
0684818892
0671737848
0671032992
0679833722
0670030961
0671720937
0690040784
0671878484
0671698230
067174674x
0671318500
0671887432
0671881612
0679447156
068482681X
0671522752
0679872760
0671731122
068485256X
0684852683
068485192X
0671892177
0689842589
0671007068
0671529420
0618039694
0689853157
0671032704
0671695789
0671677144
0671244221
0688017614
0671880160
0679856994
067941603X
0671568825
0671040782
0689845340
0671722638
0671553011
0688158617
0671653415
067178157X
0671011626
0688155456
0679803718
0688178928
068982596X
0671007491
0689828683
0671708260
0679763996
0679763937
068802405X
0689836023
0609603272
0679783415
0679886222
0689713916
067974536X
0684843323
0671754254
0671024493
0671701606
0688174930
0674383311
0689814348
0671777130
0689851766
0671722573
0671741772
0671693352
0671646885
0688177875
0689859481
067960166X
0670030198
0613044991
0679776370
0671804987
068127493X
0679728880
0671646842
0671773682
0684834960
0691017778
0679405712
0671797204
0688143563
0670877786
0671040685
0671578162
0684831945
0671876031
0674639766
0679424105
0671674854
0689805950
0689805969
0671773240
0688134181
0671319590
0671026240
0691090823
0679816801
0671035665
0688009883
0679768386
0679428100
0684813424
0688047807
0671626515
0684803089
0553580388
0590687301
1576737357
1562477528
0515122408
0553581279
0553211412
0553273604
0553283685
0553232053
1573221775
0553582143
0590110225
0531103099
0553579754
0553275860
051513287X
0553210114
0590453661
0553294385
1558746161
0553211404
0553250515
0553109839
0553289411
0553213377
0553297988
051512608X
0515132020
1573226521
0515134449
0553571818
0553296124
0571167926
0553293400
1555836577
055321148X
0553562738
1577311523
1567185126
1570627193
0553210823
0553278118
055321277X
0515123293
1580050158
0553564943
0590673181
0553213105
0515126489
0553096834
0553106651
0553577778
0553213806
0515129224
1565540387
0515125628
0553278398
1556618395
059043411X
0553583956
0553155881
0553156632
0590478346
0553578022
0553269216
1558747613
0553481975
055356403X
0553148524
0553211439
0553573136
0553213237
0553581554
1591822572
0515136549
0553574639
0553580310
0553278215
0515134511
1556612966
1591820316
0553565079
0553564927
0553582003
059045370X
0515109509
055327449X
0553210351
0553269631
0553272543
0553583913
1560974109
1591824141
1569311382
0553212478
059048351X
0553280643
0590130048
0517701405
0553578790
0553280325
0553247921
1573228583
0553268546
0553204769
0553576623
0553279718
0520011309
055357325X
0563551011
0553580256
0553572350
0553577808
055327824X
0553211765
0515126772
0590456601
0515087122
0505524228
0553211668
055356921X
0525444459
0590494465
1551668181
055357227X
0553293354
0515124214
0553580280
1591161258
0515120871
0553353896
0590409662
0553269321
0553100777
0553256025
0552121401
0553262041
0553246763
0553293397
0590878549
1585671827
155874715X
0590629816
1591160774
1591823277
1591821541
1591823781
1591823773
1588992942
1551668416
0515102636
0553578960
0553580035
0553268473
0553574752
0553212540
1576738159
1576737535
0553573357
0553211927
1551668378
0590568868
055356272X
1573226122
0553297090
0553564684
0553289586
1578561256
0505524473
0590438913
1566194466
0553244388
0553282220
1565123158
0553273272
0582077842
0590440640
0553583611
0517591812
0590448226
0590409212
0590939432
0553213385
055356241X
0553157590
059047071X
0590849026
0553282085
0553561669
0590568949
0590430122
0553211277
0553584049
0553290789
0590431145
0553157477
0590463969
0590470159
055329802X
0553486209
1557238294
1567181651
0590137603
1562825232
1576738906
1594670463
0590451030
159182141X
0553481959
055327970x
0590401807
1582401721
0553273213
0590443925
0553298062
0590396560
0590554115
0590444298
0553578820
1551667827
0553575171
0553579916
0571202055
1561794848
1567310079
3548359574
051512947X
0590399950
0590934929
0553256157
0553270907
0590737422
059043473X
0553265997
1558749330
1558749705
1582432678
0590440837
0590228757
0590691775
0505525070
0590435736
0553213059
0553580000
1556612850
0595095380
0553231855
0553277375
0590409042
0553110616
0553345796
0590897993
0553380281
0590447297
0571199968
0553213024
1562474855
0590877607
051513631X
1564583201
0590262165
0515105198
0553567187
158297005X
0553212168
0553259202
0517595745
0553267604
0553583999
0590819143
0517073919
1560255021
0553576348
0515120111
0586026193
0553214047
1556613326
0552147435
0590417088
1556704119
0590428586
1561793493
0590451596
1558746153
0505523248
059044557X
0590449850
1578590450
0553280422
1556613296
0553096540
0590425552
0553247778
0553258133
1568383657
0505523418
0590403605
0590692127
0553492349
156718393X
0553561960
0553052942
059043652X
0590474138
1583225366
0590581074
0553585851
0590435019
0590374524
1590521277
1566190916
0590212443
155105096X
1558177515
059032523X
0553231162
1551110598
1573226599
0517584921
1582432090
0571105483
1557505535
051726188X
0552143553
0590325485
1559701927
0553803581
0590541781
1558215743
055329895X
0590449834
0590457438
0590429094
0590508318
0590849050
1585675040
0590202448
1593080352
1570541345
0590397249
059086369X
0590456652
1591821568
0582314038
0553238035
059041478X
0590638793
1586104330
0520027264
0590456482
1593080050
1556612885
1578562317
0553583751
0575071117
0586056505
1570642826
1558748156
0582077826
0590689118
0553251759
0590406957
1561384593
0553492330
1569471533
1569471770
0553567039
1576736466
0595271707
1582342261
0521012716
1593080425
1556616627
0553275941
0553273868
1562478478
0500271127
055357728X
0534551823
1567184812
1560101865
1567188257
1579620329
0521296307
155553354X
055358491X
1582971021
055315818X
059043103X
0590603841
0553111639
059022297X
059093970X
1560449179
1584850361
0553575554
1586091859
0582418178
1582430675
1582971471
1550224964
1582971439
1568581939
0590456679
0590523457
1551432684
0553273744
055358636X
1566891396
1567186599
1573220027
0590494384
1566635586
1578560330
059033672X
059063271X
1557783500
055327970X
1578560322
1570622183
1565634187
1579543413
0590881930
1556613938
0521346606
0521434947
1555660479
0590375598
158660757X
1556613903
1552630048
1568580533
1566191734
1559703989
0553487442
1552090418
1573927953
1561792586
1561794813
0525940774
159182236X
157765806X
1593280076
0500281998
1555971695
042518630X
0446612545
0451526341
0449912302
0449005410
0486272745
0440218535
0451454243
044661162X
0440216842
0446604801
0425185710
0449006344
0451191153
0486280616
0449912558
0425177173
0440236673
0425161242
0425194493
0425175405
0451197879
0439240700
0441117732
0451191145
3423203668
0445210214
0446610100
0425180964
0440204887
0451203895
0445406488
0451185560
0440900794
0486282694
0440241162
0440202043
0451183665
0451410947
0446360511
0446606243
0440241812
042516098X
0440180295
0449221032
846630679X
0449227421
0446600253
0425119653
044808919X
0451191137
0446600377
0451410610
0425105695
0486280594
0441007554
0446602299
0449220893
8495501090
0452283442
0441132448
0441478123
0446604844
0440229464
0441885691
0446613843
0452277507
044022425X
0441172717
0446608378
0441005195
0440220653
0425192733
0446326925
0440910099
0486406539
8440685270
8420646113
8420646717
0446609951
0425179885
0440222842
0440177049
0425179559
0425137937
8401427517
0425107469
0439386012
0440406404
0446608815
0451206444
0452281903
0440236053
0440343690
0446609404
0441000916
0448095491
8486597161
0451192575
0440226236
0440224071
0440207428
0425191729
0451210638
0446600768
0451456408
0425165701
0449003213
0425148297
0425190919
0451452313
3453150147
0440223202
8421618024
0440224837
0441735762
0425136191
0449219372
0440223016
042507448X
0425113884
0451204123
3442723183
0446360732
0452281458
0440236665
0440229510
0440226198
0452265169
0440224594
0446360716
0448095025
0448095238
0440486599
0446603651
0449208648
0449150046
0439284031
0440237009
0440186560
0449132307
0425054535
0425130894
0440918642
0449904067
0441089348
0440917190
0441132456
0425160394
0449007065
0451114523
044920703X
0451148207
0446364703
0449209741
0441122892
0425120430
0446610968
0451194764
0439078415
0440407079
0439286069
0425155188
0451210751
0425179230
0451146077
0449213943
0449911012
0440993717
0446610801
0441005934
0440226872
0486277860
0425131769
0449214729
0425153789
0449245004
0451192249
0446515493
0439178827
0451185994
0446301205
0451157974
0425172996
042514898X
0449205967
0451527127
0451456963
0441006981
0449001016
0451200101
0425171396
0425164349
8420447714
0425190641
0451523997
0440502608
043901123X
0451202120
0425182142
044021906X
0446519839
3492229417
0425165299
0440409462
0446517631
0451185501
1401351964
0440211344
044661257X
0440150795
0440219019
0449002411
0440217490
0486280411
0425184463
0439010772
0440236789
0448089505
0440167787
0446611301
0425161749
0451410297
0452009855
0440226732
0440414237
0451404874
0452282977
0451180240
0452284430
0439498392
0440238137
0451521412
0440212057
0439344131
0425193071
0440404983
0440416019
0440219280
0425179621
0446314722
0440402913
0439106788
0440238145
0486282228
0440404541
0449207277
0439988330
0441532993
0451160339
0425116166
0425110605
0448401738
0440408520
0441644651
0451524500
0441444253
0425123448
0425147193
0449210685
0446609447
0451527100
0440413052
0451523105
0426204360
0441102689
0446958298
0451450647
8466300171
0440234565
0448095262
0448089092
840804088X
0451456890
0439058708
044100945X
0439249767
0451183770
0452273331
0460875280
0425191206
048640109X
0448089394
0448089106
0448095521
0448095483
0446391506
0486290972
0440407540
0426201310
0440204232
0440911486
0439043964
0440229286
0440415918
0446382108
0441011020
0439448956
0425182215
0449219577
041618846X
0451197763
0440926408
044100590X
0440800498
0439978963
8420646253
1400041457
0446602728
0440223784
0440219620
0441010466
0415916739
8440655398
0440234875
0435120956
0441710948
0451519140
0440910234
0446526908
0440128323
0441011276
0440416108
0449001156
0440412587
0439217873
0439341264
0425099024
0440402891
043911523X
0448089181
0448089572
041502630X
0451457366
0425175146
0440218012
1400030374
0460877356
0439240719
0440237815
840124224X
0440219418
8431625015
0440211670
0439439930
0440180201
0446607584
0446364428
0440413834
0440481880
0465056784
0415215218
0449216616
8434822563
0439110920
0439121981
8466309624
0440220084
0451518497
0439353661
1400049628
0440402972
3464371506
0440162327
0439011876
0440413176
1405200618
044021968X
8427933592
1401307817
1401600190
0425183831
0440409047
0345402871
038572179X
0385337639
0316782505
0375823468
0345424719
0380973545
0380710218
038529929X
0380817144
0375501851
0345358791
0345370775
0380018179
0380754843
0385335881
0345435249
0375413081
0385491050
0345436911
0345396529
034543076X
0385494785
0316291161
0316690619
034540288X
038548951X
0316089699
038082101X
0385029551
0312267819
0345384350
0385498802
0330352253
0312978367
0345418832
0345396537
0394588169
0345404475
037541309X
0316639842
0373079613
0380817152
0380713330
0380973650
0312978332
0345294459
0345460952
0312199430
0345391055
0345413350
0345313151
0312975228
0316693286
0399151850
0385722206
030680395X
0393310329
0393049515
0375724370
0345456939
0385265565
0375413634
0345402308
0399149325
0345430786
0345428455
0312931123
0345449347
034543479X
0375705198
0375700668
0345334019
0345354621
0385729340
0385471106
0380725827
0316780375
0380709562
038070952X
0345464958
0345327454
0395859972
0374503486
0345331397
0373293135
0312871996
0375757147
0380710897
0380698714
0312983336
0345404769
0340424354
0312287712
0385316917
0345368991
0345400577
0385506708
0380728613
0345336275
039914675X
0375753788
0374480133
0399149848
0380973634
0385491085
0345303067
0345423615
0385337116
0394742117
0385720254
0385491077
0385721897
0380709163
0345435796
0385492243
0380719002
0380820145
0380729768
0385720955
0385720467
0380817624
0307010856
0345394267
037571412X
0380780879
0373243790
0345310799
0312988249
0394725808
0345314484
0345354648
0345350162
031220387X
0374199698
039914613X
0385425074
0380802309
0380811987
0385730918
034541215X
0385333781
034536998X
0380812002
0316693715
0394726421
0385315147
0380809273
0380716453
0380769514
0345319540
0345334973
0312926146
038059949X
0345444051
0380707063
0345439724
0312854285
031294165X
0380731614
0345336038
0385497946
0312993544
0345450914
0345387023
0345368932
0345311485
0312964943
0393035891
0393039242
0345434781
0345433785
0345324412
0393050424
0394726413
0345410084
0380729741
0330415557
0385315066
0345339258
038070918X
0380723816
0375503722
0385498748
0380729342
0380802236
0394837363
0312977670
0380792923
0312975651
0373512457
0395051126
0380785560
0375725601
0394726405
0380789957
0345461967
0312926057
0340785012
038070921X
0380710870
0385260083
0345421949
0380728060
0312853890
0385333846
0375414576
0394809378
0394755111
0385720149
0345340892
0375705244
032104617X
0380794667
0345297911
0316724440
0345423496
0393019578
0345377966
0380711079
0399149457
0373871244
0373226683
0380003953
0380978849
0380729709
0380807890
0345400437
0312868723
0349112231
0345322401
0380796252
0345368975
0373093276
0380776847
0385333870
0375503684
0312275366
0399149864
0345422953
0307215261
0385720114
0385486081
0312969023
0345311779
0345452372
035230703X
0312933185
034064415X
0373872151
0373836309
0312265905
0385337574
0316926345
0345350588
0375714596
0330337394
0380834448
031286860X
0395827485
0345439503
0312269609
0312069782
0375411151
0345294726
0394179692
0385498543
0345381467
0375407081
0345353358
037550396X
0380545020
0312955685
030712763X
0374266425
0312961561
0380718057
0312987625
0312075316
0374474133
038079845X
0345453743
0385197845
0345328949
0312166818
0312874766
0399151540
0307247066
0312974434
0312858736
0330360000
0330273140
0385498527
0395489288
0380819708
0312201664
0380710277
0345446976
0345297679
0385309201
0312420315
0375400184
034530280X
0380978512
0345428684
0385496931
0380733196
0345457838
0380751925
0395330688
0380810220
0316743003
0375701613
0345357116
0380813424
031021923X
0345388186
0380814889
0385492510
0395837065
0394713516
0345299035
0374372780
0373482493
0345391101
0374399883
0375411453
0312119259
0375751505
0395160332
0340041420
0380723565
0385496982
0316734896
038078369X
0380791951
0312241356
0395710413
0345406850
0375725806
0374480125
0395775515
0340766298
0375409130
0316031313
0340873612
0312187777
0380751259
0312300506
038073009X
0306802031
0312058179
0345440226
0385417101
0374371520
0375757376
0345418689
0385124740
0316331511
0385000197
0375421602
0385325665
0310933293
0321049314
0375727752
0316735183
0393033996
0385323565
0380776634
0345432487
0311461670
0312863349
0380781433
0330247328
0393314324
0307627632
0385492359
0380788713
0312131151
034542266X
0380808676
0380731495
0312866879
0380775670
0312965214
0385334575
0385474466
0375803378
0312986297
0312565194
0324073801
0312111339
0321196775
0399529209
020530902X
0226706702
0226743403
0205349773
0262240319
0224603663
0201959941
0275227502
0140293248
0142000205
0152162445
0140620109
0140274154
0141001771
0142004030
0140257934
014043187X
0142001805
0140089365
0142002267
0156007754
0152009604
0140390847
0142000671
0140077812
0140255842
0141439696
0140071083
0140431020
0142003816
0140436669
0151009988
014032724X
0140124381
0140367152
0156907399
0198117477
0141439572
0140434259
0140075577
0140185232
0155037218
0140186425
0141310340
0156372088
0140271457
0140620516
0140621393
0192839640
0192833596
0152567089
0140621458
0140240187
0195125886
0152001182
0141183624
0140621180
0140187448
0140434747
0151010668
0142002542
0140124454
0140366873
0140430571
0142180033
0140275169
0140552936
0141180641
0140249990
015603008X
0140449159
0140342044
0142501034
014044694X
0140196013
0140433627
0156226006
0140185852
0140714715
0140714588
0140368329
0194226824
0140285563
0140435387
0140318585
0140381740
014250047X
0130209899
0130918369
0130282545
0192861832
0142302082
0140324364
0140434143
0142500372
0142000698
0141000031
0141310073
0142501204
0140620621
0192822403
0142437336
0140238719
0141439645
0140256407
0140283579
0140118861
0152020705
0194229408
0140387528
0152049401
0140186301
0192815261
014043464X
0195002121
0140621288
0140177884
0140065717
014100522X
0142000442
0140176551
0140298339
014012991X
0192839535
0140441670
0140376577
0141300620
0142300950
014200068X
0140102213
0140177256
0140367357
0140168249
0140171738
0140349170
0141301694
0192880748
0140445617
0143001124
0151082162
0060929790
0060915544
0060192631
0064407667
0061064505
000649840X
0064472930
0060192119
0066210151
0060175400
0060002492
0061015725
0060001445
0060175966
0064400581
0020519001
0061097314
0060092645
006099486X
0060920432
006019541X
0064472574
0061031844
0006479383
0007110928
0060269928
0066620732
0061059048
0060192704
0064405109
0061097853
0064406601
0061056383
0060083263
0060164662
006251279X
0064408655
0061096156
0061064173
0060198133
0060560754
0061020648
0061044407
0061059471
0062513095
0060194170
0061092614
0064471071
0061080535
006093235X
0060830956
0060083816
0064403904
0060953691
0064408337
0061020397
0061091316
0061003719
0061044571
0060933267
0061012882
0061097098
0060952768
0061058270
0020545401
006109207X
0060541741
0060931582
0060566760
0061010952
0060166932
0060391480
0060533994
0071379444
0061092886
006059537X
0061099465
0061020664
0060125683
0062500171
0064400751
0060977027
0060521600
006009351X
0061056243
0061053104
000470973X
0004709721
006019636X
0091869765
0060509546
0060513659
006440613X
0020446519
0060006870
0062513559
0060957409
0060532998
0060957328
0064470598
0060518057
0061056480
006105481X
0060914947
0006391745
0060439912
0064472655
0064473589
0020259700
0099268280
0060199490
0099286580
0070566445
006100328X
0070049238
0023884401
0064406296
0064408078
0060963972
000639194X
0030957648
0062517155
0028644417
0064406784
0072558466
0064400425
0064408388
0060093161
0071151214
0061062979
0072824131
0060097914
090414755X
0921912757
0941483144
0953057518
0965011743
0965031136
0965256545
0966410078
1904633226
0809461676
0812574737
0814141269
0834300788
0842329072
0849938945
085572255X
0860685179
0860918572
0862418925
0863698271
0887621341
1841151629
184115458X
1841156396
1854712772
1854792822
1857024273
1857029798
1857232046
1857233778
1857235630
1857236645
1857938305
1857983327
1857989147
1857989260
1860461433
1860493858
1860496911
1861591896
1862055181
1862300321
1862912874
186953526X
187568445X
1876485604
187700846X
1893007170
1899884211
9876543210
0704332949
0704380110
0709713754
0711998892
071265688X
0712670548
0712672389
0715629379
0716728419
0722534876
0732267897
0732911249
0733312349
0733609554
0733615082
0739432044
0743201372
0743205170
0743428951
0743449371
0743449711
0745313337
0746052790
0747234825
0747236461
0747248087
0747254176
0747254346
0747257892
0747258325
0747259658
0747411506
0747524467
0747535484
0747546940
0747553408
074756003X
0747562598
0747564485
0749301341
0749303638
0749319291
0749323485
0749391251
0749391731
0749395990
074939739X
0749397837
0749399627
0749723262
0749744715
0749910097
0751333980
0751336807
0751360007
0751501107
0751504947
0751505129
0751506672
0751509779
0751521647
0751527378
0751529680
0751530433
0751530476
0751531413
0751532061
0751533599
0752208497
0752208543
0752222651
0752585215
075258927X
0752589717
0752814354
0752817337
0752838717
0752844083
0752844318
0753507579
0753804719
0755301897
0760745560
0760750963
0770422063
0770422578
0770423019
0770427472
0770427847
0770428517
0770428649
0770428827
0770428991
0771006675
0771034822
0771041039
0771074719
077108580X
0771087373
077108756X
0773758887
0785817089
0786842423
0790003449
1740511662
1740512650
2702423590
9724131637
9727110797
9780064407663
9780099765219
9780140327243
9780425173305
9780602264079
9781562477547
9783492229418
0618170340
0666320040
0670874817
0676795234
0676970656
067697113X
067697158X
067697175X
0676971946
0676972284
0676972594
0676972829
0676973094
0676973345
0676973604
0676973620
0676973655
0676973949
0676974597
0676975372
0676976816
0679308539
0679309454
067931007X
0679420231
0679781587
068199052X
0684851458
0688167414
069540167X
0695458752
964619415X
9676113468
0525243704
0525940631
0552108812
0552124761
0552133264
0552136832
0552139262
0552140384
0552141437
0552143758
0552146730
0552147656
0552147680
0552148024
0552148059
0552148776
0552148784
0552150215
0552151599
055254793X
0552770000
0552994103
0552997773
0552998192
0552999652
0553176986
0553265628
0553505904
0553811940
055381429X
0563461217
0571173470
0571203965
0571207553
0571210775
0571215173
0571215505
0575056355
0582275237
0582418305
058241945X
0582525896
0586065857
0590030523
0590113194
0590115294
0590129015
0590203495
0590252380
0590317660
0590317687
0590412035
0590454277
0590711733
1551923963
155192398X
1552780805
1552781305
1564200396
1568658559
9510107069
0416101607
0425059502
0425168069
0434003484
0434008443
0435121526
0435984012
0436206161
0439295017
0439295025
0439305691
0439573882
044029584X
044029584x
0440296064
0440840104
0440900468
0446924687
0449219801
0450027120
0451518667
0451524985
1403700559
3499224801
8401492408
8423987043
847410436X
8475296890
8484508803
8495501279
8497594258
8497643577
0310926653
0310928044
0312979811
0312991738
0316648051
0316648167
0316648582
0316724947
0316854913
0316857718
0321024087
0330241184
0330241443
0330247999
0330257064
0330269186
0330273930
0330290819
0330301624
0330340395
0330344153
033034837X
0330354469
0330362100
0330364383
0330373447
0330392840
0330400061
0330412752
033042002x
0330480065
0333638557
0340592435
0340639806
0340672021
0340674539
0340713208
0340717610
034073339X
034073356X
0340733578
034076998X
0340818670
0340820306
0340825766
0340825936
0340825987
0345391756
0345400062
034544194X
0345465636
0349108145
0349109117
0349110506
0349112592
0349113149
0349116180
038078431X
0385092881
0385410441
0385601026
0385658184
0385660146
038572084X
0394280741
0394845501
0395267188
0399147364
1345413350
0201896834
0224028367
0224062387
0224073087
0292760280
1234567890
3257201729
0115522263
0130113299
013019946X
0130452963
0139619216
0140009728
0140019863
0140022317
0140026363
0140098860
014013204X
0140170812
0140188223
0140245324
0140247637
0140256024
0140264736
0140267239
0140274103
0140276351
0140280391
0140283706
0140284222
0140306943
0140322094
0140343717
0140361472
0140363254
0140371540
0140373209
0140620117
0140620184
014062032X
0140620486
0140620826
014062161X
0140621806
0140621970
0140622535
0141000848
0141010827
0141012250
0141014741
0141182601
0141182709
0141183454
0141185627
0195407857
0198320221
8172234988
0006514324
0006514774
0006530400
0006547583
0091801516
0091812968
0091831121
0091839564
0091840775
0091865158
009186819X
0091874777
0091881153
0091882737
0099175428
0099255197
0099263815
0099277131
0099282917
0099282941
0099284642
0099285436
0099285460
0099285924
0099286424
0099286432
009928717X
0099288451
0099298007
0099366819
009940057X
0099410761
009941077X
0099413973
009941483X
0099416174
0099416859
0099422697
009942777X
0099427958
0099449285
0099464810
0099465981
0099472201
009952340X
0099637812
0099727412
0099740915
009974371X
009975181X
0099771012
0099800403
0099887002
4062001187