0312995423
0030096189
1884777805
0688048730
0381999866
055326382X
0763615382
0345370775
155643152X
0553346768
0231105592
1587991039
0553577395
0060170441
0590449737
0192860925
0061015725
0030020786
0716724022
0471485527
0061057983
0380570009
0312263120
0880387157
0394756827
0442043244
0590762613
0394588169
0590429892
0782125352
0684853701
1567310265
0878911774
0345308999
0786884061
0590424165
048627263X
0471415804
0134843460
0066214122
034531798X
0028604032
157586326X
0425166805
0767901649
0525244581
1879181363
0312850247
0441007163
0380761599
0590640860
0743400771
0440114330
0441885691
1570624380
0393308189
0385318413
0684827123
0812570758
0553343211
0743444965
0385247958
0671631985
188455010X
0812551702
0596005059
156565269X
1557346755
0812022009
0425107469
0312871996
0316358452
0671528068
0800629701
0553344803
0899088236
0517051516
0062732749
0929923901
0876054440
0425154882
0439132266
1592570801
0671865714
0878579915
0201877589
087474945X
0380728613
0306454114
0672315610
1852305606
0099769913
0451625781
0425114686
0394546415
0849396409
0385484984
0312863462
0876591195
0671537628
0380758962
0879752408
0822023016
0307336565
0805047794
0425187721
0465031358
0201626098
0553014803
0030211212
0062514083
0809468549
038508854X
0590477625
0590457268
033390785X
0140092501
1893910245
0151881006
0393324869
1572970944
0596000588
1565927206
0835605728
0802773524
1400047064
0425040801
0393310477
0061056987
0743442482
1556151047
0375708111
0201340208
0380000547
0816733082
0688103324
0062731009
0060294655
0689804520
0140083049
0440127068
0894809938
0965608646
039331393X
0782122221
0671526065
1565926161
0471213020
0596003846
0753451131
0684803534
0300084730
0262560038
0521777526
1565924878
1565922204
0590412264
0679816607
0670383295
0534178081
0875427391
0553122061
0285620878
0898156270
0380707063
0380733358
156282144X
0395078652
0534385354
0801057744
0140243518
0446514977
0140167927
1855384620
0399132708
0531103110
042512830X
038076041X
0517562456
0671658298
0786811838
038524228X
047109675X
0316358460
0312381859
1852307897
0749930527
0140217932
0596003323
0590692119
0812545583
0130914525
0553353284
0892561084
0385319878
0201360802
067973807X
0921714483
0132298325
0849934915
0534526241
0395745195
0823412377
0394842502
0064450023
0670032107
0886878276
0761409033
1586632434
0376038772
0897210115
0918831865
0816738297
0312856407
0312280556
0345304985
0201709147
0156006464
0451455169
1559583673
1858051576
0451193202
0821718967
073560505X
1558212574
0140094296
0446525766
0671476882
0471898503
0471850454
0471627348
0201614774
0534213308
0324025424
0399610898
0465067867
1563053187
0151567956
039452764X
0060191546
059044879X
0689715161
0439201659
088404632X
0917352017
1556158068
0865475091
1879102463
0553201565
0393323242
0783548036
0590435159
0442003668
0671433083
0130819336
0130661902
1883013151
0070522464
0465081991
0395537592
1850328471
0806902833
1566194024
076453310X
0618082875
0435083716
0671782231
0316829358
0385098847
0805026584
0805026568
078942522X
0873525655
0030115078
0130815667
0130112887
0517548755
0460030280
0672314983
0671877739
0875963005
0717282783
0439079470
0691033277
0465083285
0833544721
0517584212
156592262X
1565927087
1565923227
1565925122
0465046347
1568849443
0964809400
0030226546
0201567512
1879102919
1879102064
0195132408
0071350055
0070537097
0121218511
187455787X
0394731271
0394731395
0894718533
0936608250
031210409X
0679430628
0312199066
1840462515
0525945717
067100316X
0446973483
1561565946
1565657063
0865475431
0195143051
0735611319
1402709668
156156401X
0201357569
1575213931
0809432609
0276420144
1560986077
0517550229
0688007481
0871968460
0030003474
0763614548
0761532552
097189860X
0066620724
0385244592
0201122197
0836223012
0963188933
0375508562
0671002376
0746040687
0824787846
0805057706
078943962X
0789485885
053114058X
0465042252
013121831X
0449244350
1575210398
1585421049
0810938928
0452269350
0195405366
0807843636
0393063852
0824815629
0609600923
0671738674
1564140784
0072346949
089577397X
0679447156
0716736373
0802132987
0195135156
0894808281
068487136X
0312280874
1565301498
0316771635
0816027412
1570629722
0688161073
0060959681
0922769001
0195129172
0874777984
0671696017
0471399744
0738201693
1575842890
0735605580
0782124690
1575210304
1854356283
051600591X
1570362793
007881796X
1573228184
1561565768
0375508074
1581126018
0767906284
0130831549
0860206858
0812568710
0451627873
1850282625
0944589227
1561564524
1878279718
0140106545
0345418956
0671619845
0425062651
0880298766
0345447654
0521469910
0801980135
1885167237
0806957646
0671023225
0312106572
0887430058
1561569534
0944708234
0439043638
0792227360
1574101277
0140442065
1568846355
0789723700
1886411999
0684810794
0691049890
1559636823
0689824637
0393046117
0026885018
0895294915
0767903927
1580080405
0764501836
0345307437
1857026691
0440504082
0451192567
0306460025
0553052381
0139839909
0439073723
0534217982
0805059857
0671739891
0471137820
1571740279
0812885066
0619202181
020148837X
0735712018
0465072739
0465072658
0684847930
0572023642
0380792788
0917086007
0425110605
067231133X
0486246744
1400300533
0789723255
1861000863
0672321289
0516023144
0898791383
1591391539
0806996676
1401887457
0385319460
0673461750
0394834852
0393317242
0394576012
1562762753
0805058745
0553342533
0671318616
0590476513
0806942584
055326138X
0375762469
0345280008
0385473400
0691017859
1583331336
1862043884
8471319217
0596002653
0672317842
0671793853
0465045405
044036499X
067945120X
0671732943
156592455X
0132036703
1558284060
0471153257
0789457288
0590397575
0452269806
0689846363
048627263x
0345320654
0670858382
0784708320
067160032X
0672307871
0691025258
1888001399
047141803X
0618197028
0805366245
0321078438
0891418059
0531112810
0399144056
0609804758
0375758283
0140177116
0446524077
0871135248
0590031686
0764501208
156305664X
0684835509
1565293053
0471598208
0471859184
0590414275
0672310694
1566046866
0395879884
0669238813
0130895717
0672310678
0672312999
185697801X
0440508568
047139341X
0684857189
0345430204
0352337265
1893224546
0316051675
0813519926
1410781763
0738204366
1890151394
0385477813
0553103741
0156226006
076152729X
0806904569
0131003550
0873921143
0534953085
1887078649
1871438721
0195218337
0590324330
1558284036
0316339113
039304002X
0553290029
0765303027
034539710X
1561381446
0812531221
1899762043
088001671X
0786881879
0684818221
0553344323
1859841295
0684838613
0439317924
0964692503
0072311908
0836223020
0673596435
031218087X
0806986719
0439149797
0538811870
0684814439
0393306763
840804088X
091676687X
0590120069
0789455315
0393046885
0590477285
1880599538
0966994922
0782128130
0375412883
0385265840
0809448610
0809448696
0385425287
0887305946
1558285520
0789722399
0139498435
0394505883
0684831872
1863503072
1864364408
0241131448
0415304415
053408172X
0712673326
0963630407
0803938632
0330240242
1857996488
0440319250
1864486082
0415289793
0553243519
0132903393
0307131726
0916410625
0486270785
1568810830
055324793X
0691087504
0252064364
0060194979
067976867X
0072131403
0520218752
0385247559
0399144617
1567510787
1566090210
0671663410
0691050848
0870448129
0877795053
0890836892
0671797182
0064637344
0201791684
0672317788
0531029301
0380009498
0824983734
1562763008
0672304643
0078823676
0131262025
0446677264
0441718515
0671655825
0582035015
0316849472
1887896325
0440502675
0740738593
0965296601
0887306748
155591036X
0471595497
0679741488
0312058667
0201115190
0449130703
0140147756
0486247619
0201734303
075409054X
1584760605
0895773465
013611542X
0486259978
0812047664
1555910882
0316034347
0385190727
047162084X
0916124142
0385263279
0380835193
0385412649
0380002094
0836270045
078972331X
0789722402
0809281090
0451158768
0307263037
1568842309
1568841639
1565296869
0201192462
0307602389
0380837749
0879752858
0812020693
0804717702
1562790358
0471553808
0132635348
0471873241
0131286293
0934034222
0345241754
0761508147
0534586171
053458618X
0805013695
0764502050
0465004180
078354751X
0060391669
0806972955
1856979733
0874778212
0471889660
0805072535
0240508467
0312518633
0553240137
0760049238
061901590X
0072127066
0486240614
0895775751
0931988217
0385263260
1861000081
0789724057
1861002238
0312869096
0691033900
067088457X
0441005225
0345350561
0471503819
1886801010
0316328383
0201700468
0201615762
007212606X
0596003366
0691096570
0201408252
0688116191
0122635906
1558605827
0394561104
0716731479
0316841102
0822522772
0130898155
1573921998
0517066890
0920656897
0671578650
0553229680
0782121241
0226078744
0226702367
0312866046
0465043623
0738201731
0440500079
0314069216
0619016256
0684865793
0316364800
0142000531
1562946714
0140345973
0938151355
0345414136
0689824254
0072131586
0761305173
1576750159
0764504797
0304354732
0805003525
0442228872
046500637X
0688149510
0696016109
0671009974
0471528986
0471542652
0672310732
0138430799
1565927192
0672304996
038705801X
0380874865
015584072X
0816733864
0345252888
0887248217
0887245285
0931993458
047119297X
0822512270
0060151293
0471153060
0844222976
0743458613
0871968568
0316358479
0425051447
0553275372
0671734253
0345298675
1878257749
0738200115
1585420360
1571458506
0425178099
1568849958
1562764411
006097298X
0765301075
0890093164
0743225996
0932813453
0465068626
1564583821
0142002240
1562055925
0714829080
0671666320
0471000051
0201066726
0672311623
0139205128
1565650476
0312144121
1573240192
0671693034
0446520675
0520220218
0521799120
0521794803
0806315466
1575210096
0078210585
0534246184
0534246214
0690047142
0880222395
0671694200
0735710996
0385484992
1585421375
0879833068
0782114180
080075672X
0316545139
0752224697
0471048631
0609804774
0785787534
0340859601
0595270735
0130412600
0201612712
0764505963
0697098273
157521069X
0471146048
0130797790
020187072X
0471165131
0130797707
0768912032
0743487257
0198711247
0394757912
0690045913
0393030431
0961642203
1564580741
0446325988
0895773899
0020768702
0553125281
0789451875
0671656341
0810934957
0689832761
0812090365
0764122967
1571690220
0684865238
0965908437
1565923715
0131001051
0764526472
0879721359
020165895X
0760010706
076450388X
0764508350
0131010603
0735619484
0910019703
0534938884
0201121107
0922433518
0385233655
0312867182
0517065037
0809244934
080537597X
0534435297
0918082099
0895771691
0895772566
0525248226
0201735172
0748403043
0930031644
0716723077
030737002X
0590371274
0789722283
0671536079
0671244175
0941355012
0679820434
0394899911
0865301735
0961762705
0789419742
0671879030
1562933566
1575660083
0399225382
1852278943
0789434121
0876285558
0004725042
1575840979
0919872344
0520240642
1885061501
0912550163
0913008079
0395175798
039551424X
0671447971
0380801574
0531108767
0517635496
0062554840
0912365471
0201510596
0671734911
1558500103
156414075x
0374194408
0811825426
0809448858
087044414X
0028635868
0516203347
0590187317
0380871149
0812694120
0672319772
0822053497
0201163209
1865085197
0534123007
0070351007
0151768358
1850153892
0679747885
0895773910
1564586677
1567314848
0231074123
0131103628
0964883716
067174349X
0764560239
0876055390
0312054998
0747502714
0688084028
0393974375
189077412X
0201657961
0201710919
1893115763
0782122833
0764535420
0735605173
0672315084
0789724499
0596000480
0072193271
0735612730
070640422X
0399150714
0751310158
0192892878
0751360244
0847819299
0716727250
1853264768
0749614684
052147809X
0330374958
0198549164
0297816462
0563537434
0138960690
0113100353
0113100566
0393950093
0471963518
0521336449
0312146019
0231074670
067420770X
0691070385
0192875566
0816049033
0852722877
0486636771
0521474477
0072120789
0078812992
0805321667
0805368701
0393030083
0486243427
1555840833
0878911073
0375812962
0201514591
0735700028
047133345X
1568303521
0672314231
0412738007
0670860263
0007122861
0134918207
0861634853
0705407403
0563384492
0023728213
0195125932
0782119565
0071362681
0816017328
0674891996
0887307698
0201137917
0830643346
0671441337
0375709665
0439368057
0672305410
0880222433
0887430244
0848703596
0831771135
0373264674
0684865246
0553370618
013001687X
0133016722
0811724190
0307118967
0679871403
0822023091
0802112455
0789701464
0534230822
8120801644
0140511512
0007113323
1576104737
0596000030
0262121786
0333918975
0914845462
0782127258
0735616345
0672315645
0789709325
0830629629
031210457X
0786863625
0672310090
0441010237
0521447712
0812523997
0671877402
0471115223
0130804614
067230872X
0471165182
0135657636
0201379279
0471247650
0201854910
0553354787
0805030611
1400032725
0471268089
0471199680
0198557892
0672320304
0684865807
0684818736
0345324684
1883577039
1571690042
188357708X
1878739182
0394891309
0070691967
013624842X
0133209121
1579545017
0324145632
053466542X
0470001828
0072463678
076005018X
0619016507
0619016000
0072338393
0072225599
0619063017
1562059394
0805375651
0789542870
0672308169
0345430379
1555218423
0534520065
0765303930
0972329803
0441009891
0465016197
0671876864
0061050938
0192861999
0399134697
0716783169
1558605584
0201657880
0735610215
0471117099
020163354X
0201633469
0399133240
0590476157
0394583590
086571312X
0062512358
0441008593
0471163503
0070651574
038001596X
0764117823
0465037798
1551050986
0825625785
0309057779
0395305373
0151003238
0553352547
0060963107
1877731021
038078159X
0060148691
0534007198
0809445298
0690017235
0697279952
0130675261
0486240630
0486645584
0205119131
0673521850
0130669970
0130103187
0471575054
1555442153
1580252397
0441297293
1568847858
0375501215
0789715295
0439564212
1562054988
0874775876
0751649171
0789404664
0590453041
089375966X
0893758736
0893758833
0893758876
0893758914
1562946323
0761304630
1562946331
0821759426
0736806490
0915166410
069580474X
0789414228
0201461382
1571691316
0201609215
0834801140
0307701018
0735710236
0201716143
1565928520
0590452215
3785536763
3785534566
0590476181
0764534750
038082180X
044084598X
0596000162
059046129X
0590476084
051768232X
0070118140
034531428X
157322166X
0895865599
071673091X
0877735948
0024040908
0321021738
0231114559
1560986379
0065004108
0195086074
0226722597
0632036346
0140146598
0802136656
0746016891
0471317519
1862075557
0590926659
0521269202
0471045217
0516449214
1561564702
0064461017
0821219502
1561569569
0891332138
0674877489
0307240584
0871569566
0590402757
081672962X
1561565954
1561564842
0307070840
0671689843
0201146959
0375726187
0316057452
0152005544
0739813544
0590425927
1570541345
0061052817
0590444735
068486309X
0716732262
0590456555
0893754277
0140344772
0843114827
0816716404
0307060802
0831725869
038523418X
0882752405
0195144082
0933174659
1562432338
0531301990
0679791477
013565839X
1575212870
0782119735
0553801716
0465007643
0671698273
1853753378
0135197295
0553050966
0201632241
0674116631
0521423716
0201384078
0064301389
0070342504
0440187044
071672314X
0451458230
0262201062
0060160616
1883319013
0060912553
1892062135
1564144062
0679808140
0806969539
1565925823
013937681X
0672319942
0735709017
1565926218
1576104699
0672484404
0201567415
0201563185
0596000855
1565925254
1565924649
0135289106
0805070966
0521343062
0465024351
0394719565
0471852236
0764548077
0312867069
078790080X
0805945903
1562053698
0764553267
0517527464
0062512994
1567115268
0875940129
0062510592
0871313499
0722540213
0395353513
081299180X
0393322297
0691005141
0446381500
0486647625
0870448641
0761112391
1563974029
0471575631
0399511814
1577684079
1586104330
0465046290
1858683157
0671636766
0078814219
0805331409
0672318636
0750639520
0517578085
0345305760
0130767786
0671041886
0822053373
0440843022
0131547585
075480450X
0253211190
0060410337
0716736497
0962713821
0471200247
0060551372
1881649717
0785283145
0393302946
044100542X
0385415672
0465017304
0198604602
0743457986
0395881684
0345424654
0746010826
0316279013
1580172024
0486244423
0395428572
0806942347
0375505660
0312187777
0785809031
0440405920
0440846897
0471328871
0792453743
0374199442
0520008278
0679803211
1903207495
0130104701
0070379378
0262162180
0671787306
0971663394
0718127250
0807085014
0684854872
034531560X
0679960430
0690044283
0764503707
1884628028
0446347248
1558601910
0316109304
0814476910
0738202592
0746004591
0830826858
0446973505
0060968826
0345291395
1563084988
0072441070
0590054473
0836218698
0307240576
0749531886
1561705942
0395565200
0671791516
0399523138
0309084733
0335198872
1858051649
0631194126
0312283261
0310235588
067100316x
0525410600
0831760826
0525243232
0671622544
0830633820
0830628398
0471032042
0679601279
0871131706
0672225034
0590455877
0874779758
0523485204
0679600272
044178268X
081380390X
0066212510
0590108859
0486218929
0892817372
0395877407
0441009387
0765344963
081258418X
1885071000
0441008925
0399212124
0309069874
1890151327
0671657186
0764501224
0834804042
0201694719
1570900094
0060151560
0691074283
0072121432
0596002971
1556155514
0553257412
0525242317
1880032422
0717266818
0789411954
1840844124
0486234002
0670853909
0805022929
0805022945
0671040065
0914918168
0810845687
067101563X
0861127536
0130194697
0393063747
0881848123
0262161702
0534955746
076534355X
0201793040
0393047032
0671542842
0062730991
1564589552
0195068122
0446311901
1565922182
1558515690
1565924347
0870445855
0746007019
1565922697
0596001959
0500541558
1874416508
0806967943
0380898039
0375420991
0070535272
0520009290
0520009282
0782119697
0761528989
1557553262
1565926927
1565922972
1565922360
0882292714
0801832497
0737000163
188357725X
0894354655
0070328110
0884271706
0738202347
1400075211
0782129188
0070545057
0471332445
0632034785
0071355146
084991325X
0789567040
078942777X
0192861026
0393308359
0312266529
0789707985
0806988142
0534119581
0070366985
0471717029
0673467686
0132874261
0921714785
0688126693
0809295288
0394549430
0140130470
047114276X
0312314930
046501299X
0672315165
0789706814
078970210X
0965330974
0812557018
0830642714
0679913831
0439090113
0746000243
1571691588
0023385022
0672314835
0963277308
0671656058
0517571951
0007136110
0590112600
0439011574
0691009783
0486602559
0471311413
0471315702
0130474800
091179722X
1565297210
0525171940
0764503251
0838577016
0871315203
0399237968
067973130X
061326892X
0471543977
0809448815
0070051356
0030493463
0521385903
192946245X
0525945601
156458710X
0070393907
156884008X
078970269X
0072127856
0688029728
0789724243
0316346233
0609601415
0030206561
0521389917
0534170196
0385155840
0673469271
1575212269
0764502239
1580762557
0735613834
0071374906
0412051818
020187878X
0534943748
0130633488
0137783418
0132991241
0132582600
0521446635
0138493081
0716724324
0932855024
0590228595
1858289394
0198510675
0140146903
0521457289
0752217127
0002201402
0749234113
0764501321
1572313242
0672312980
1878058789
0395137136
0596000103
0324022476
188413355X
0671796275
047139470X
0028055896
032119439X
0553076094
0816020213
0521797535
0393307328
0590480154
0312909063
0878576088
0198539568
0684869985
0060974559
0471130885
0671846515
0898620198
081602703X
0884860981
0895773880
0060965207
0276421086
0316109339
0385183534
0743458338
0440582253
0812013174
0521550912
0201581248
0945946023
0306460084
0312053800
0195130065
0375420797
0471918083
0396078435
1557040621
1576105407
034068836X
1861003668
0672313065
1580080391
0672325152
0590738887
0886824656
0387914951
067231603X
0486257789
0679426450
157231995X
1580170234
0764551558
0131939882
0521367107
0670839760
0521377773
0521391121
0716745003
0883189356
0525672400
0816029261
0670833843
0809490587
0920656919
0471530689
0471520934
081602331X
0449215199
0944708226
0395886074
0668022019
0316829617
067942167X
089191501X
1861002963
1888869054
0684810875
015657246X
0393323102
0471333263
031214380X
0877732663
0312852207
0789449218
0609806947
0138546622
0201483408
0822515911
0120585251
1556158920
1556158661
0806523522
068485421X
0812097319
0385476760
013011202X
0312635524
0393321509
1572315075
0835720756
0521313163
0471597732
0471525065
0471245208
1575212706
4333012031
0072443936
020172152X
0671438077
030724055X
0827372930
0385187718
1878058517
0306807696
0816012423
0671750615
0141313625
0749307684
0395911737
039593611X
1559716843
0716731347
0764121669
0822521318
0761123849
0130308978
0619064609
0619064587
0030321883
0321149459
0534376681
0471346098
0449906973
0596000804
1875137491
1879904004
087709411X
0316172847
0942391942
1550548611
0375719490
0962818607
0311090885
067232525X
0735713243
0553344498
0671497782
1840460989
1568846967
0465015212
0553801910
0679760571
1859843352
0866223894
0816708452
0768102332
0789439980
1588454975
0786833106
0878579117
0590327356
0471128457
0806961147
0596000197
0764104829
905727048X
0822549204
0684846357
0688200796
0440843510
0860206831
0789545349
1881052443
0134569555
0201353830
0130229679
0006547516
0130482684
0314042369
0672310708
1568380550
0809244950
0863184510
0890512582
1861006926
0471496693
0590228803
0486228770
0072284145
076006069X
0448440776
1568840764
0130166294
0789468956
0789477653
0312876017
0878571337
0226791548
0060951869
014014739X
0451211820
0471618764
0679400311
0670882178
1556151586
0486205428
0937175714
1565920058
0307240770
0534359493
0671537636
0716720647
0806974842
0385281102
0060961538
0134546466
0312857659
0762104198
1870845021
0789458586
055314801X
0672315491
0072228970
0132347822
0316110876
0590414496
0531156710
0764504355
087156596X
0394586131
1558282998
0840764324
1571458018
0716716488
0441261825
0802765335
0517308207
0844239046
0687431808
0534304796
0471002496
0201576538
0020967705
0942391632
1564580717
0192800329
0192800337
002860041X
1578490367
0201616467
0201707209
1576852768
0136318053
0520071549
1562760548
1565294394
1566047501
1565927052
1590590082
0866539433
0394507606
0312263872
0962734152
0393058581
0130844659
156414075X
1564140806
0156006480
0385235690
0471043281
0471262544
0135839149
0442247389
0131392476
1558507981
0590962124
0534368018
020135084X
0760010692
0137483287
0140510958
0806516275
0671545094
1568360215
157859099X
0816701717
0140510036
0590482483
0865300569
0517287285
0804105774
0195582470
0609803255
156830269X
0789708094
1572315652
1562764780
156276408X
0789707519
0782120571
0312933444
0877730598
0380701782
0812040473
0822053020
0201353822
0809232650
0393312763
0131243225
0201632748
1571690069
0125119151
0130310638
0132279681
0062765167
1565300084
0716732793
078819206X
0440504449
0130206296
0201309815
0070521824
1565923618
1565920023
0130206784
0937175870
0136406734
0201074036
1558602194
0122513363
0808504282
0201548550
0471616842
0136142311
1861003021
034538265X
0486637603
0844236845
0205065597
0716713055
087584863X
0875849466
0078824907
0735712379
0691019339
0816702950
0674741137
0137564120
0130950831
013680604X
0135343550
0471149314
1565921429
044819077X
0689704526
0307118355
0201432986
0534372007
0735709211
0590452681
0743205693
0696212536
1858545609
0396085148
0688105297
0531140555
0789718413
1929049277
038548254X
0381900568
0810944499
0060473746
0782119743
0471614270
1861055056
0138594309
0813428955
1584882913
0550170138
1566377404
0521276357
0072489103
0471485667
0439281369
1879326035
0801066808
0534614116
093570258X
0961866330
1853838454
0309089603
0471441074
0531181286
0531101274
0860916464
0201461390
1589523431
1589523423
0761307125
0531047431
0670031798
0531146421
0531146472
0140145346
0531146448
0393025837
0590073346
0881101664
0658002147
0385111347
0070125120
087044574X
0441002986
0062509802
0886877709
1578701376
0471613886
0870441035
0875961614
0312029608
0897747453
0465072666
0062508474
0399103449
1878685090
0691113246
0632052384
0870215566
1556159056
0716730510
0762413484
0416789501
039575691X
0590402005
0812522923
0865432457
0531049094
0078823935
0750609419
0671559702
1565296672
0789716410
0394731115
0880486759
0385000316
1556155123
1555323472
0201112094
0792274490
0385247966
0192880721
0465029973
0375750770
0881069949
019850294X
0340705167
0201517973
0806925175
1852304464
0782128270
0596001975
193011043X
0596001703
0912511206
0716737426
039457205X
0130994367
0835607631
1567993435
0517584298
0446392707
0027754103
0394753038
0471379077
0226808483
0198602243
0393308235
0670031100
0028642422
1857022173
0786868465
1551051613
1562056417
067231892X
0764536435
0394586409
0672319187
0877739986
0875422969
0914918788
0914918222
0914918206
1564586189
0874414601
0415119669
0133033899
0813341663
0030558646
156924037X
1562933353
1551052091
0425104214
0138137595
0373880197
0396086187
0201059584
0136020798
0201591138
1565921399
0789702673
0201357445
0201571641
0120935503
0465078354
1851680691
0393319903
0688220193
0027345459
0670884855
0136296750
0943409004
0486218562
0789406047
0449216160
0671625411
0486255042
0060916966
0716722828
0198577796
0471238473
0226065588
0671319590
1567180612
0789416824
0393310728
0671460625
0743233549
0764540750
1881052931
0316236314
0345375009
0412472406
0671875353
0130479829
0619100052
0752556231
1861005695
0596003137
0060011416
0321186532
1558514945
1558284362
0395404487
0671530208
0387906525
0590397958
1861001525
0761506780
1582381550
0307243494
0821210920
0878573518
0764530569
0714820962
1565297261
0835902331
1842222414
013083808X
0122497104
1929749007
1858600499
0671201824
0078818427
0030259649
0345324749
059048589X
0787610135
1577660986
0803921268
093557641X
078971812X
0766820106
1568842481
0801630886
0935702121
0452266734
0670876283
033510178X
046502436X
0195095391
0671876007
0810928442
0618127445
0670803871
0395080851
0892562285
0843118784
0836206290
0520226151
0446360813
0385489765
1580083501
0201354357
1561566772
0782111483
0385263953
0892361921
1931933693
0030334365
053436554X
0697292304
0806903651
080691355X
039484551X
0783538502
0590405934
1565651766
1560101717
0590475959
1561442917
0415906504
0380806037
0070434255
0307020053
0201119498
1565920856
0520085841
0590440195
0345320298
0345341813
156402895X
155817348X
0782119115
0528816012
1893115941
0806928778
0590458582
0816721297
0878915699
0425107558
0140238301
0028642260
0760734658
0806935308
0894805029
0674792912
0672308002
0439121981
0395585724
0717282775
1564581195
0679835016
0590466143
0691033196
0631195564
1874166374
1580172407
0823014606
1572315482
0078821770
0201504804
0201565293
0534124267
0201360667
0340775270
0070418233
0340803258
0534947409
0131629263
0132000563
0385295928
055326379X
089535134X
0516269550
0395194210
0062514121
0735710902
0596002114
1565924010
0672313103
0964409615
0300081413
0764508563
0736045430
0135657555
0079126405
0553573349
0130894680
0671675346
087941006X
0553345818
0192861891
0226468046
9051994540
0256261180
0674156161
0521797098
1565925378
0316235970
0316234230
1890151521
0967967104
0205309283
1566040841
0521827043
0691027870
0815332173
0932592252
0801433657
0205308767
0914918028
0866900454
0866903321
053494728X
0822549034
0448405172
0669249939
0020636903
0394757963
0930031229
0716710315
006019992X
0060914270
1568582323
0441152201
0449183378
0782122485
0201112973
1858286557
0025947303
0679403469
078640860X
0688061664
0671228099
083171011X
0831710136
0831710128
0910395640
0937175110
0782126766
1893115267
0672318296
1568303408
0139798099
0782124615
1886411182
0691025118
0465057551
0071354999
0789721325
0226199908
1576101746
0764565192
1556159021
1558284915
1576109178
083063360X
0062500082
1564581896
1930110979
1590520572
0691057575
0671740326
0060915692
0195016793
1552851826
0816702292
0929500466
0816725187
0805013091
0716765691
089512002X
0072118458
067185013X
0027615618
1861002718
1400300525
0697137147
0310224721
1556233981
0060171146
067080925X
0471165581
0590480480
0307155722
0307039137
0809239930
0791402045
0312300638
0312300557
0534215882
0314027793
0316057479
0393300455
087596883X
0395510392
0671644262
0521305519
0553347837
0135259738
0716722399
0789721260
0500275572
0672319004
0130094021
0931988462
0931988659
0471095931
4770026080
053417616X
0674003721
0590134574
0395675782
0764116630
1555603637
0895772205
0724801871
0893035750
0486638340
0827359691
0827358253
0070650284
0672305224
007882298X
0764580221
1566046750
0672301687
1569751129
0806983329
0672273136
0425127753
0385181019
0064461769
0746000871
0785302859
0060434791
0716729504
0590967258
1887494014
0130143316
189094808X
0672306204
0878918779
0590761684
0590761668
0688099920
0201598779
0812043898
0451615506
0486205185
1400040507
0393057453
0385133596
1561890162
067980224X
0534209769
0717282759
067147068X
0064460959
0802757855
0752261991
0768906334
0385473532
086571391X
1893115844
1565846346
0262511053
0136298419
0131238299
0130313033
1558744762
1594740089
1576735788
0764503723
0517122839
002863201X
0735712026
0553346644
0201703319
0131667025
0764100009
0130869007
0534352634
0534355633
0201357437
0822053047
0440844827
078355284X
0138137676
0679729836
0671413759
0870445456
0688061125
1850153922
0231113315
091110447X
0394890396
0843131438
0689313624
0897669428
1887299173
0969822502
0836205812
0020259204
0761977120
0671422359
0789448882
0743421973
0671649698
0886250730
0582300576
053419950X
0198506740
0823003329
0890094004
0809237989
0805011951
096226833X
0763714224
1565926811
0517566141
0735605726
0132539071
0822053128
0763710792
0789477645
0871135329
0672324229
0679720383
0345324978
0812553764
0380418487
0812540638
0020720203
0801845882
0806902841
0849385237
0525244425
020142777X
0471306061
0689116047
0516277715
0806906944
038572070X
0226764214
0393047857
0006551289
0719572231
0813530598
0883490781
051606004X
0671210270
0070482624
0807031275
068483409X
0882666096
0385154291
0670859133
0716725037
0198539789
0262581531
1841195529
0201547775
014029516X
0262560925
0195121236
0465001041
0596004478
0201544229
1577292715
0671759175
0449906930
0812918533
0525936742
0465090443
0812922158
0743204476
0822053357
0393323722
0394589335
0312209584
0440500052
0345275179
0256033188
0674306899
1568848617
0471550507
0137486251
0764502697
0521626544
0782140777
0471044091
0521635039
0452282772
1567185096
0789402114
0672315157
0735619050
1558513329
0840749554
1559346841
0140260668
0816740771
0071352015
0471827223
0812048385
0070617570
0764506331
0749648511
1562828398
0412357003
0871202433
0674576241
0465067859
078971020X
0671691961
0671627082
0897212215
0451518411
1550225774
0743246721
0935702997
0198547668
0201710404
0534563961
0534400868
1562765604
0590683616
0590683608
0817435492
0307244954
0881064963
0590449095
0789480344
0881064505
1577681126
0880129069
030711323X
1564580253
0688132219
0486233308
0831763140
0697365158
0133885135
0070279322
8170592461
0870447165
0792270622
0807725455
0393018709
0394513126
0883856026
0553075861
0716736276
0393976599
0486623424
0836803582
0394502809
0412320304
0816731039
0716718510
0471579491
0805395121
0534936245
0822053314
0471489212
1882897579
0078823579
0256093601
0307102793
0307122999
0394971965
0441248845
0486207897
0516049119
053104470X
0531101827
0534003478
0553564552
0590413600
0590516086
0672301504
0672304716
067230483X
0672304899
0672305933
0672310147
0735608911
0763609269
0782119727
0782122280
0786400269
0789415488
0791417808
0814477976
081676364X
1558512624
1558515607
1559211369
1568843208
1569751544
1571690972
157610236X
0395468108
1575213966
1568581408
047151067X
0672308851
0760011788
078972748X
082395059X
0571194362
0471321427
0865425426
0763802506
0914697692
0062505076
0878915079
0590412345
0688104797
0713723572
0893756687
0921820879
0376038489
0072254327
0380760398
0471576573
0805300910
0307701026
0471240443
0684855399
0023485116
0132854465
0471031348
0672316072
1565926056
0307157679
0596000154
0670030694
3923880502
0439137004
0590486810
1568843224
1559707070
1861003110
0072493526
0307240096
0534392687
0713723912
0849331366
0201409550
0316824720
0679741755
0716721899
0880114517
0395783216
0395936098
080184875X
0632053453
0816727538
0760049602
0520088174
0713726008
0879232153
0471197033
0773752552
0801403332
0139514848
053410326X
0314852719
0314896880
0395068819
0942559037
1561734683
1558513884
0399130659
0789725495
0590491563
043908721X
0307176282
0789306441
0201416964
0471345342
0030624517
0060158018
0064603032
0070096317
0070608776
0136436692
020101937X
0205395090
0316563404
0393323382
0398009163
0465043925
0471527289
0471622605
0632043091
0735713065
0781718449
0944708366
1558285490
1582381607
0816716366
0395494818
0020776802
0030812690
0486265889
0520036603
0675200318
0688147496
0531170233
0531190854
080691789X
0809448734
0809448777
0809448890
0809448971
080949454X
0809494620
0809494663
0809494701
1562949039
1856978753
1856979342
1856979369
013327974X
0618035915
0838451705
0020967802
0679740279
0962819026
0812039211
0471580392
080690996X
0860208672
1860228003
0761314016
0138219508
0880292393
1558604286
0590444786
0768910064
0385230397
0816736375
093317487X
0027614204
0471852481
0671610880
096573840X
0812593898
0590104195
0316879975
0471383538
0789717433
0789719037
0791408736
0672303957
0802713882
0078821789
0805502394
0140279040
0201847078
0471335797
0697069184
0697111997
0786883324
156458349X
0879739452
0201634511
156592262x
0836236661
0312077858
1882428048
0275948315
0440404231
0528880594
0553378716
0671026526
0802767370
0884045889
0890871655
0521794358
0062733621
0120790629
0122861655
0195024028
0195128737
0198532458
0198536895
0201050927
0262161125
0306441292
0306801515
0385092571
0387945512
0442205902
0471552763
0486222543
0486232654
0486413349
0486605094
0486613488
0517395746
0521466490
0521568234
0528834428
0671203320
0679804404
0679816852
0679885633
0688089801
0691085730
0691085749
0716713276
0716718308
0716719533
0716721260
0716723964
0716750007
0716750163
071675021X
0716750244
071675052X
0760700702
0789448823
0789455811
0789457806
0809464799
0809464918
0816027072
081603351X
0817631917
0866510818
0866513434
0879755490
0879758775
0883186101
0895990415
0960481206
3527269541
0140275665
0201558025
1562764047
0739408321
0785271376
067146678X
0878572252
0882665618
0671617664
0553347101
0764112651
0130109223
1558285636
0394848772
0201578395
075969155X
0393035670
067980501X
0746009844
0812047222
0746023294
007041131X
0030200881
1557552754
0131774298
1563896486
0201498413
0521576814
0673999866
0471141038
0764104675
0531022757
0393321835
0877790744
0307125750
039442350X
0399209646
0553353292
0590476467
0590480146
0746009720
0824983726
0870447270
1577682386
1580760856
0787651419
0877285810
0198609418
0836221680
0064603016
0062514768
0140491856
0316790087
0553226738
0715304283
1886101043
0395907047
0451160096
0192802526
1592000681
0913299227
0789722666
0517564157
0782129234
0753452995
0753454629
075650449X
0786831758
0789434113
0812550315
0812920570
0870445162
0696025566
0691088098
0486604438
0590403133
0812930312
088404632x
091307263X
0471581453
0688085067
0806962461
0316117412
0375415467
0679600701
1585670898
0717282740
0717282821
0717284875
0717284891
0893758906
0312874448
0881846287
0130408131
0136291554
0201432935
0201485672
0201708426
0789711621
0130811521
0486298876
0345283805
0735618372
1861002688
1573226467
0025031007
0961529423
1561564818
0553119095
0060163372
0471518506
0534524346
1884585221
0802764568
0030899249
0394498186
0198519710
0465015484
0465067840
047102984X
0471305030
0471569615
0531158241
0671728415
0674950852
0691011478
0691028877
3540588019
0099448785
0748663258
0534353908
0534432778
1840461233
067231018X
0761509550
0809461587
0062505130
0195211693
0671253093
0831769750
0877288755
1567188648
0439557070
0935989471
0385187041
0716719193
0870441795
0201357534
0805317481
0130928585
0746002939
0862725550
0030209692
0070112126
0070121974
0534145329
0716726041
0805318801
1576106179
0761130632
071531601X
1857584139
0471915645
0130897930
1582380805
