041502630X
1869504917
0439404371
0553802518
0816032130
0140055770
0275227502
0140376798
0307222063
0141306351
0452281091
0698118812
0786904828
0930289595
0684857820
0553278029
0312300506
0590228749
0843952571
0812090144
0739417096
0441011632
0743482212
1561795666
0451450647
055348219X
0373242611
0451192257
0671646907
0553347950
0743458621
0671868349
0060097574
0373871848
0590396838
0440201705
0886777739
0943026024
0553579622
0553258230
0590692070
0439060435
1567921892
0671004107
0020133405
0452284716
0440540704
0553295411
0671014196
0316290963
0590568817
0812566688
0330273949
0425098826
0679844074
0821759213
157322930X
0743451805
0671866923
0307681505
0679732187
0316277010
0843946385
0671522760
0140350322
068487217X
0671694014
0380780879
0821729721
0505525224
0140322051
0380707640
0563551011
0373763506
0452252733
043911523X
1591821916
0671022865
0312981678
0446600776
0671876619
0345386108
1588370054
0060173041
0743251008
0714832472
0440225817
0140176616
0380819201
0026045702
0806986875
0553278215
0875420028
0679735976
1565123158
0451519140
006000553X
0312966555
0553298518
0743235010
0061087130
055357258X
0590997262
0590149288
0740718398
0385479174
0671014935
0575047798
0590568736
9561316951
1573222739
0140074317
0141306963
0380793334
0816707979
044921852X
0140259104
0380702843
0505525070
0451524004
0380803186
0385501560
0451457730
0446513954
0299177742
0816727953
0590988492
0380781468
0849939542
1565079205
0590436449
0765303469
0425083853
0515101222
158234082X
0380802147
0786916087
0140447954
0061076082
0385296649
0345388453
0806962526
0451163524
0316358347
0440330076
1929998996
0743202759
0821771833
0886773520
848403030X
1865081825
0553141406
0590477307
0807510793
0618056750
0452272319
0441823475
0375707409
0440211352
0553279378
0140481877
0380815583
0812516826
0930289234
0312979886
0152438173
0590328956
1852428287
0743452631
0684874318
0765342448
0440211891
059048284X
0373193505
084993687X
0380802317
1561793485
0679433139
0515130974
0826317979
0307220028
0553212494
0394850874
1853915297
0679816801
0439256364
0807516287
0385503466
1582460507
0380896931
067103975X
0671867113
0152958886
0836251822
019283391X
0446326925
0380817152
0684826143
0380714752
1558748334
0552527483
1551667479
1569470839
0399526277
0671795937
1555971504
097250379X
0590926675
0671034057
1570541876
0345434870
1565651014
0440940001
0553345796
0399142851
042510477X
1881098184
0553240455
0399140654
0375411453
0553482483
0553264613
0553265709
0380725924
0812522419
0785264620
155874942X
0886775639
0439230187
0786915897
0446533289
0312972997
0345400577
0374176787
0451197003
0440111811
0373691211
0385338112
0441011276
0446364312
0764551388
0441102670
0553212184
0553349961
059039696X
0679457739
0060513640
0789401746
0312985207
0440205093
0380705729
0060094850
1400030374
0553380648
0385720106
0525283501
0439112036
0394800206
0874067715
0812575393
1569713308
0380754134
0671036645
0156421178
0824819179
0862644119
0553258648
0595315070
0064409945
0590934929
0804120021
0192781790
0452269571
0064406490
0373691300
0373122292
0679742115
0395465559
0373704666
0590420321
0393000567
0345319540
1551668831
0373293143
0671785966
0385417101
0813109728
0064400816
0345404114
0553566539
0440238412
0517701405
015241357X
0394493451
0553570889
0671004549
0140254749
0671877763
0833574256
0373058837
037316243X
1564782395
0440418321
0397321651
157322202X
0425143325
0743203631
0375401601
0140431217
0310925681
0689821301
0440215919
1853262544
1400033543
0440223385
0871239949
0891074678
1575667061
0060968745
0441132448
0786010126
0671769227
0842336214
058254159X
0671433083
0425167313
0451203895
0425146421
0823015777
0448401649
155874715X
0671019791
0345305930
0375756485
0575600306
0778320421
1556612850
0671252682
0595124844
0380789019
0440413915
0373872038
0441005837
0435121464
0717284980
1551668696
0345448243
0393035891
0394926250
1853264830
0590448242
0142501190
0061054895
067087311X
014044016X
0451527038
8423990524
0870441663
0553244949
0689847742
0142300675
0821722999
031220387X
1858817218
0446359688
1573225789
0373761910
0590939432
0553566660
078581325X
0590477412
0140034919
0778320235
0893751995
0671692879
0345359267
0553262505
0590470140
0877850615
0316779989
0306807718
0789414538
0140366717
034544244X
0307215245
0816732205
0446602299
0394865804
0060830956
0060931809
0836211200
0877013683
0816749507
0375502866
0440227305
0140620753
0451518497
0671504398
0385502532
0060080485
0684831015
0671036025
0345370430
0553234951
0345284941
0743412435
0812507126
0373613601
0786867345
0743458680
1570087237
074343756X
0440177049
0921870825
055327094X
0812559894
0440413834
034528643X
1854307592
0812510356
1568580533
0061065862
075820177X
0684822776
0684845784
0345441443
0061064157
0590436422
0440215285
037370707X
0385294182
1556617062
0671221396
0817235000
0451623509
0590847678
0671795554
0515120723
0449225151
0684842696
1886652007
0553580272
0821764039
0140268863
067168390X
014031881X
0439163099
0812524748
068485371X
0689866364
0812580354
0440235170
068986566X
0684869497
0373164475
015694877X
0425164462
059041836X
0312863349
0380716453
1567189504
1563975149
0446527289
0515122408
0553156667
0451161343
1558820302
0141300493
0752848062
0786883375
0380807157
076071004X
0786806540
0380717123
0340726822
0786815531
0140389989
0671654160
0439389208
0345388216
0553265571
0451527127
1880188481
0451205421
0312017979
067972723X
0441007384
0764585789
0553575651
0395926882
0140185046
0689829914
1551668602
0380807343
0446604275
0449902218
1573225517
0743214552
0844226866
055325846X
0553157663
0441008232
0060952520
0312873336
0152025057
0373871694
006102001X
0590484532
0451191145
0451526724
0380776839
0061014125
034532532X
0440475198
0451528913
0807070718
0679437061
0771056265
0373836309
0842356290
042517140X
0553213059
0515126101
0345440951
0374372780
055315446X
0712672141
0380793490
0380400308
0425182843
1580050352
0515112798
0486292908
8481301493
0140275363
0553381520
0448095491
0060929952
1585671827
0439101379
0345425308
0060928417
1562476750
059086632X
0553110616
0849915104
0435271563
0446323802
0590603841
0813333008
0440416639
0786890339
0451524497
0451203623
0385315066
0061097314
0684801221
0380808072
0590455753
0451173392
0091801222
0451408705
0590451685
0916441237
0345452569
0517528673
0440193281
0060932678
0440912857
0679426140
1551668378
1560761172
055314300X
0020418809
0385334583
0670030198
0399143165
0590453858
0440414857
0446601640
0060169281
0590484133
0679441557
0140433988
0446351709
067173668X
0385296495
037303203X
1591823773
1593080212
1575213664
0590132008
0064410129
0743237188
0380732181
0345459164
0881845434
0786012382
0440184622
0380708655
0553561057
0382099931
0448089416
0380811898
0590431366
0435121081
0785269401
0740711318
0330352962
0140622144
0553293397
0553237306
0689715676
0380802163
0375415467
1589253507
0702231339
0743418387
055327970x
0688084923
0020859708
0515129933
0394755111
0060927240
0061059854
0140370331
0380731517
0875422861
0425163032
0439202701
0385720408
0804111359
0439240700
0205360041
0345297709
0553487329
0738701661
0943233437
0373441738
048626873X
1931514984
0671047612
0807590967
0515124281
0553571923
0446527017
0380725584
1562823779
0505522934
0856405035
0440422310
0671721690
037575251X
1592000681
0307302636
0439078415
1591822149
0312952376
0226469360
0061000469
848328006X
0671720996
0099429284
0440208912
0929923901
0679433074
0375726691
1567184693
0688155308
0439053862
0310286905
0590477390
0312269242
0385425473
0805063897
0671724851
1552633047
0671695169
1887178945
0448095424
0802115640
0553381350
0060286881
1400034817
0451410610
0312282710
0449240347
0375714510
0849916739
1561794813
0679824251
0786013982
0375501371
0385318170
0394839145
0394820371
0375413901
0671676253
0316358487
0671460285
0671617028
0140282645
0679870083
0310977487
1558745432
0743480910
0064404994
0373833695
0312866879
0816741956
0849935377
1551667371
0590852965
0312288115
0553180614
0446353728
0517006456
0671028170
0525448276
0812564839
0486261794
0553107305
0451177622
0920668364
1586648969
055358099X
0451457595
0451457765
0553256157
159264046X
1558020756
0590416413
0761515658
1593080255
0385721862
0743467388
0316769029
0671646893
0440236789
0553803220
0850524598
0446613150
1400000408
0684856476
0373163789
0061083267
0785279814
0765309270
0689714858
1562477846
