0836217608
8878182419
0486247619
0441007554
0671035630
0960170618
186373323X
0060090383
0812577663
0061097659
0375705198
902451420
055320923X
1569871884
0553274295
8495980185
1931412677
0761122745
0439316308
067085347X
0441005837
0517577402
1558741127
0786888067
0812516729
0385492081
0843948981
0452278910
0446607711
0749313978
0684822776
3453158814
0385050631
0760704767
0394742117
0676972578
0061061239
0316610984
8420466034
0345354613
0679729437
0440186927
033037625X
0765342561
0425178854
0452281423
0593045505
0505521539
0446519138
0140620206
3492220185
0525946071
3442552141
3453160401
0140017917
0345314255
398043902X
0312980329
068484480X
0006176909
0345433165
000274080X
0440226457
3552139909
0785815147
8408020064
0141301074
0064408639
0446394521
0804112894
0385304366
0671737600
0375706704
0385335121
0679733736
0340768800
0840741162
0449223604
043904362X
0312187459
0445406518
0060932813
0802860605
0812930371
0736901523
0060198265
3453173287
1557346755
8496246027
0140512101
0316601950
0399144463
0020869401
0380809389
0805009213
0671774778
349222539x
0670878073
0671553011
8807812436
3630870619
155661456X
0525453660
0425187365
3596294398
0099415984
0380788691
0451191145
0553582135
0440202086
0916441822
8871681223
2724292634
777506106504
0316603287
3423118229
0552995886
0061031070
0962998427
0140255125
3442437407
0515047880
0751522759
0156007568
0743422910
1570711518
089622662X
0451154916
2707311030
0571141633
3518382292
0451170385
0553581937
1930892128
3257203489
0671527215
0312276885
0553583190
0140143459
0743229878
1558746463
0140114335
0380720191
0140251618
1571430148
0394887786
0486282147
0688149111
0380815583
0743229517
0679454454
041358240X
0801492653
0712673199
039913929X
0091833868
2253002933
0747545987
0812568834
0752599526
0449225313
3499150832
1853260312
3828002897
044001266X
0553562614
184195392
0099110601
0060976810
0312984235
0441008313
0553287303
0345318854
0452284937
1589193571
0099297701
0141303050
0962455733
8422623021
0330267388
1587990636
0375411658
039454689X
0671785214
0553280945
0843948671
0515128554
3453149807
0373763794
0425099334
0375760881
0590466194
0806524154
0671670026
0679732764
0380725835
0380714752
0340635126
0517590670
1570623449
0340830727
0375502661
0590224735
0449222381
0060932759
0525941673
0451141989
0671720392
0380793156
0394563492
156389629X
0446530522
067167949X
0553576798
015601422X
1565921496
0340238275
0425195457
0679776362
2070393631
8817660434
0380896931
0345451325
0385301499
0860681084
0451153553
1562055577
9724125718
0385413726
0446343455
0552998982
0385306040
0330262130
0671743074
067165571X
8838429030
0836218515
0061074292
0091880955
0061042943
0451455509
156718796X
3499425882
1931056323
3150000017
0679767398
0385297300
0321130081
3257218265
0812507525
185458250X
0552137030
0679413936
0425133540
8071151432
0399146008
0440217520
8879830074
0552140295
0785265732
0708827373
0553273817
8807840103
0425098648
0515119644
0316089699
0515125024
0373167768
9739182623
0849982154
0373292244
0380003473
0070530157
0875421903
0345381769
0310226481
1572150408
0747234019
0345431618
0553572997
0425154092
3442423090
1861053592
0446609323
0425086593
0786889020
0743242963
0843948159
067102602X
0812568826
0889951063
0439064872
0600603636
1882723007
8020711457
1573325312
0743529782
3257233663
1875989218
0821772228
0399142282
0060172762
0425182908
0671704648
1557831513
0380727412
0316777730
0060174110
8440657285
0380788667
0449287092
0140267239
0679450408
0812921666
3257230451
0345422554
0312963912
0425141551
1555835864
0446603651
1559720670
0312929536
0887140963
0425126870
0679728244
0812513711
0004720148
0446527289
9799023505
345410106
0345441133
3596200016
3442723078
0609807420
0679724567
0312167792
0553202030
0688002072
0517055880
0440204100
8484030458
0553246461
0451162072
0452279488
0451459229
0595276954
0316553530
1842124196
8846200217
0373872429
0875730701
0060192755
0671027638
0307215229
0380788217
0515122564
034082428X
1551664275
2265056324
0552546321
0141182474
0374115540
8401570522
0061097934
0373078110
0441068804
0571142745
1551925702
1881066703
1865084182
8466301623
0812533666
0451524632
3596146887
0553561618
9070066807
074754932X
0312055277
0393307115
0670839809
3453213440
0531301427
0671553038
0563179430
0240510178
1863252789
0553574639
9021301350
0747232644
0440234743
0684803763
0373652364
0440221420
3790401862
031286437X
0140104410
039914787X
9066109269101
0515134007
0385484003
037325055X
0671793489
3442545595
0571084834
8408012436
0425175413
0399142088
0451155750
0671536141
0821776118
0373710542
0886775043
0571176151
0553573136
0425170349
044023705X
0679776338
0140030255
0671798154
2266114581
3442726786
1931561338
8478887741
044840110X
0345441788
074323846X
0571200834
3458332030
0425165779
5055636440
9771124883008
0312980426
0345409671
0593051521
0710007574
1566190940
006019538X
0373218125
0440234948
0140276300
0874773962
0312950586
0743410599
0807079537
2070418375
0385158637
0425180638
0060178221
9137119966
1562926489
0515127833
0743211383
0440224721
340411566X
0380815923
0671654055
0141312610
039914286X
0871918285
8838910987
0451166892
3596250005
0688121659
0140258116
0345466632
3612270273
0140119000
0312246528
0140366784
0345420713
0375410538
9783499430176
3426605422
0425187101
0863470416
0192840312
0446605409
0807083712
0312956207
0688177743
044023655X
0399149287
0373762615
0446512796
3442001544
0552527408
0140440038
1880656639
0812570944
072252840X
3442450179
0679781498
0523422059
006109594X
1551667401
0330492667
0385259743
3442436168
0743437640
3492229417
0312252943
0385334168
0679020489
0752837613
0312928610
0553117459
0688156126
0140378278
0312978367
0385335970
0340767936
0451205421
0141001771
1563410443
0140097082
0345454073
0671657518
0684848783
0586071628
0515113875
8408021974
0553569910
0708822347
0812509277
0671694049
1893224848
8401491029
1853260622
0345313224
0552126888
0440406498
0375503269
0671522906
0802713971
2070367894
0030437717
0061094234
0696016257
0142300608
01402711295
0740723367
067179938X
0425152901
0226286061
0684187205
8474101417
1590230043
1573221872
0446608262
0380719231
0061031089
0449210952
3596117674
0671535676
3608932453
0399140751
0425128164
0812524268
0804104530
3453123255
0553285785
1567314260
0316779423
0590108395
0440129265
1573222267
0345435796
0446314366
067102535X
9070066742
0451178424
0425174484
0786817089
0330258648
067179227X
0552998931
0380873877
0060014016
0141312122
0393307050
0099439883
915821724X
1551669153
0316782505
0679751254
1879754053
0770422632
3257207352
0552146021
0330328387
1558703616
0671703900
2266082663
0916441865
0679762108
0312982526
0385335830
0425157539
0340424354
014034294X
0671886665
0425050300
0515126489
0312955006
0345339495
0804111359
0345380193
0312153481
0553572393
0671795554
8806166484
044021176X
3423101687
0446362999
0312966385
0786011149
0743200039
450047814
0380820293
0743407083
0142437182
0451201183
0140075623
0451203801
0449206610
0312980388
0452272319
0345354648
0671898043
3404148657
8460599302
0552136220
0743453468
0765304341
0385320167
0312171838
O961696702
0310221595
0486284735
8873058833
0380814803
0618143327
046501755X
8478887199
0670894605
0679723161
0452275954
0451209907
0764551302
284205461X
1887178252
051511992X
3453052544
1573222747
0385489005
1568659040
0140587004
0684801469
0816734208
8460718093
0373484224
0843944145
0380766698
038071115X
0671718436
0060092165
0743445090
0812550145
0375705856
0099415062
0345331052
0006550983
0812575962
0380818809
0940322153
0747529817
0804106304
0440153778
0380727293
1579121470
0060168005
0451208080
0399149864
0440508975
0671674366
0399143947
0670826472
0889951926
3257215436
0312971400
0553278770
0553052942
0316779490
188413355X
08440223889
0393962881
1852306920
0399146652
3829030010
0590453653
0060933186
3404116143
0575070978
3407787502
0312929595
0894805770
0743444469
0843946954
0446315176
0345345185
0312981589
0140374248
0789464918
0684853124
0897893042
0451210891
0399145419
0765304252
0671016776
0804101493
0451142934
34041117905
2082102858
9782226133892
0380803577
0345371259
9027417504
0786867205
0380814021
0679744479
2264032634
9722020102
0425150755
0385722435
0375405046
0684195984
045120959
0060809027
0590353403
8085213648
0747558337
0899091539
0435179365
055357602X
0425169693
0679401032
0380798573
0671001809
0066214769
8817120413
006109428
9537075176
8877827580
0061098035
0380807866
0399133275
0843948663
0743407075
0373484771
0793116309
0671494538
0394401999
0553242954
0425165566
0618129081
0345342968
0849933137
1586606336
0375750002
2264016124
0465030491
0425172554
0140255141
0440466253
0446603287
0773755160
0380793717
0340653752
0871132109
3528087765
0330491199
0671759205
1581690606
8420618594
0425138232
9143040578
0140144463
3257227132
0060956291
0441010210
0440185327
0385511612
0786220791
0449215296
0345447867
3499230283
037311589X
0894801406
0425042618
9728541252
0515133639
0399148760
0446610550
8439702469
0312263236
3453209613
0375402241
0884042820
O064400581
0140298479
0767903579
8804342609
0385503954
2070414256
0441569595
8807818019
0312979894
0373833598
1577311523
0394758285
8804326212
0843944390
0312980124
0425089991
0060830476
0385315279
0553580930
0449221504
3485006319
3596251478
1891369318
0345321383
0440495555
0671039725
014062063X
9074336027
0330332775
1573220485
0525947698
0140621210
0553278029
2070388905
0440193443
0380725347
0486415872
0330272578
0821767852
0345445732
0060927305
0590494511
0864427603
0345443284
0515121843
0345331001
0747547351
0425181111
3462026968
0380791412
009179319X
0812570812
0753811251
0440178002
0553580191
0064400557
1557346763
0441653901
3502506515
0849911796
0679735291
0373227264
0849943728
0761129758
0778320286
0312850093
3548234100
0316159239
0932592007
0553130285
059050214X
0446525685
3426600218
0099307103
014071412X
0671891650
0064405176
0385335040
3886198502
0553574140
0439339952
0971388296
0553278746
0671648152
0062502182
0762406984
0385336314
0440222788
0425184943
0395322146
0751502014
0440226430
0099425157
0688149790
0553076256
344244392X
0881394254
0061030430
0631206248
0441644511
3436015482
0395083567
0525940545
0553284657
0446613886
0869142887
0060196955
0786929804
0593048059
0140081038
0134709144
0722526113
0140328742
0440101999
8497594312
8420600180
9100566837
0345417097
0515124206
3811806580
0060176075
014012389X
0520216067
0821769367
0349112894
000710068X
0375725555
9780385720465
0671035622
8420613533
0802111602
0333908198
0452282691
0380724987
0399133453
0882732390
038529302X
0375701427
0770427987
0399143874
0450389995
0446673714
3499222213
0310200059
043935806X
O812579453
0425127583
0764227343
0886775450
0375414053
0891093117
0425067874
0449148866
0156005204
0671473980
950491036X
0140167188
0743206045
0642527180
3492222463
0553212621
0141011548
0590880152
0786916583
0676974937
8088897882
0060975792
0786890487
0590403850
0671769421
038072751
060980619X
1556611056
0670880728
0345342534
0312253737
0140281649
0688026826
0890839786
0060096071
3548250955
0671024094
0553277472
0345398750
2070392600
0312986319
0590446916
0789414708
0439139600
0441003583
0345425308
0609806955
067150987X
0345312716
0874778360
0385312431
0142001570
1565122968
0671027360
0767900383
0330500015
8484501639
0515122408
0450493555
0446604666
038073320X
0066212855
0064440389
0553283960
0812515609
0805073205
0856485667
0380423901
0373227086
0375718877
325010308X
0425179885
0743435257
8429750983
0316442178
0446364762
0671758004
0743423585
0671489402175
3472611472
0874065038
0380698439
0553375164
014008875X
0765342618
0618126929
3895082333
8586345733
0805066225
0373242441
0195057309
0330492047
055310666x
0060927860
0060505885
0883659700
0425190773
0452281903
1570629706
0553273183
8445073850
0916856372
0399145079
8807814056
0449911748
9726954835
0062050982
2253153982
0312974221
0760716234
0451188950
0451174410
3933731569
0140170502
0141181273
0451409086
0671876937
0679447830
0553813129
0449002411
0803709773
9728579225
0553263528
8420441805
0743223233
8807813750
0812574923
044022165X
0517701715
006109868X
3596127483
9061425336
0330480545
0312265859
0451450019
0394502272
0811826856
0439136369
0451115457
0876854374
1580628567
0425178579
1891620584
0385180330
0130929417
067164646X
0743464672
0345419995
0671545256
0060502258
0061090808
0060192119
0312983433
0044408331
0373097670
3462035029
0340684585
0881500909
0140195246
04514085856
0394745361
0752800604
0811804526
037383568X
3499135507
0380701782
0684857162
0812511069
84863110802
0679417397
0140433627
068810553X
044920541X
1586605054
0671703099
0060932538
2020510839
3442238285
0671867083
1569472025
377014743X
0877285160
067169507X
0670030910
044922175X
0962437506
0062510266
0802733794
0373834799
1567184294
0440225914
0425077047
3423105518
0749918519
1562010778
1558743669
0316785644
0821770209
8807701375
1863253262
0152633324
0060959355
0425184129
8878182885
0671673653
1570719926
0553102354
0679441816
0192826425
0064400050
0439297710
2253152129
3257231199
0316724440
0552996432
0452280249
0486259935
0812575237
0312135866
0062510568
0140442804
0452284899
0446356832
3548680178
0425190919
0091878152
0452263565
0345444019
0440237416
009183130X
3423203668
0708825788
0312924585
0812881974
3442238293
0099414651
0553155377
0446603422
0316776963
9722322702
0060198133
0771099525
0345346335
0156006006
3404143361
0671465457
0394172191
0375709118
0380773813
055334983X
1576737330
0374270325
3471782249
0877424055
8022011371
0297818163
0385722206
0140245316
3257213492
1578660807
1585670081
0823016560
0595271707
0425076717
0808514121
1570960305
0671004530
0553378481
8845408620
8831763644
8804437693
1585421065
1579120636
0451180550
0385479670
0684802899
014004387X
3404614704
0671015176
0060537639
0821759981
006097379
0451521234
0345370805
0446602744
0671890344
8072578618
0553239317
0813116791
0425101673
0440217431
0735200939
0553280589
1578590531
0000000022057
2843042224
0385470029
9722320319
0375727434
0373242158
0373227256
1569319626
0091882087
3499224712
3596220203
0140028277
0060964049
1558749020
0142000159
8804500923
0312265840
0446675792
0339143416
378460109X
0440295858
0156329301
0679415688
8441407975
0385486561
0749701013
354834501B
8838470189
9782253037484
8484506525
0151686564
0345377648
3426624583
0060571837
0743448944
0451410319
067081976X
0312143540
0965093670
0312878737
0385309198
0930031938
3499131749
0399144315
0812548051
0446604844
0451147367
0375504907
8433906615
1857230302
0062517864
3596129389
037363210X
0399146644
0971304564
0671016768
9001555993
0671704656
0060523905
0553292722
0966187970
1558584536
0385491042
0807565350
031228361X
8420478725
0373112998
3257201184
0671027441
0812967380
9724119378
0553379267
0441008364
0448419874
067697063X
0312979886
0345445848
0449908585
0425164357
0446356611
0670032379
0028621239
0385147783
0671721232
0393049566
058351149X
1565078640
0440220653
0771099657
0809241323
0525945938
8467001283
0380804387
0345459407
0552124516
0345444566
3442420156
8880190628
0553275380
0864426925
0571135390
0446527793
8433909495
0676973590
0345413873
0064408620
0060977493
0942256107
0385180284
0920245781
325721796X
0553276247
0451197550
0394178009
0451203895
0752834010
0375703675
0679724176
0385490445
906030568X
0451163524
0375725784
0060920084
3932069250
3596101964
0553211331
0451409183
076790012X
038072152X
0553567683
006109286X
0553296345
2266023136
0380704382
0553575635
0689805993
0890430403
0099727315
0132630702
0142003816
0380708906
0515121282
0373226314
0345452534
0060161620
0679459618
1586605550
0804112959
0060391480
0380793334
0263827410
0890876789
0747561540
0763620483
3442150701
0553279912
0553260170
0553273825
0887506100
0375507876
0060915153
0786889187
000225526X
0770423345
0446607924
0740722182
0380713810
0299177742
0140434240
1558746161
0670829994
0330296949
0670852147
0440216222
014131088X
0671042858
0345312651
0091867770
0399145990
0486401642
0330334026
0671625853
0671510053
0449212688
1586608355
0312147015
0156180421
0380793806
1841492086
0451206673
3268000088
0452282268
0440220793
0060974486
3442439736
0399149457
0140088946
0880299452
0802839061
0515129232
031286874X
0156011042
0066209722
0061092088
0964332809
0571054447
0740715534
0440403863
0866228411
009479510X
0684819066
0399140069
0515087947
0553577123
0553287346
3608953604
0394582586
0883657651
0446516325
0671649906
080506798
0785273077
0749307137
0333906535
1579542700
0670850535
0425144429
0743223543
0804119953
0786862408
0449902803
0945397186
3011070908
002542730X
0099993805
0553053760
0486278077
8845906884
0345422805
0471133264
0684868849
0231063253
0133737888
0786887176
9062918425
0590477420
1567184243
0684808129
038507171X
0671028375
0670887315
9026940718
0757300693
0349113602
842860049
0375757813
0312951469
3417208122
0192839314
0451099648
0440217547
0449146758
0947697780
0575402873
0875421288
0679416781
0747268738
1400047242
0156004976
0446606731
0451527887
0553281798
0060004533
1568650426
0224018256
067088300X
1896095178
0373243391
0373711743
0671878867
1864481471
13579108642
0743469801
06096032728
0312953801
0786881852
1853754617
034545281X
0679763309
0385475713
1590170296
2070380416
3596144167
0875797326
0671543717
0684810301
0380798468
0140300600
0761509402
0446522856
8423333232000
0812515218
0395604796
0312971230
0070465037
3423205660
0553275607
0804111219
B0001FZGPI
0849929911
014043061X
3596259304
0316158720
0743467523
0446611379
0440143217
0590484052
0440217032
0062510258
3548602290
#6612432
0749314451
0061030651
0743233468
0671025708
0786884061
0061020702
089296572X
0517261820
0373250142
0590460986
0671695169
0743467345
0671880608
0671793888
0140620893
0929009177
0446364800
1558743324
0060924586
0553264990
0440227704
2070513289
0375704043
155591229X
8434847434
0553297996
0743400585
0886773555
0671032739
1551668777
0393048799
3406421121
0843953101
0590259881
0743407067
2070745724
0140366016
038533303X
0679442375
0066214122
0609809237
1551665778
3596148464
0552145424
0441809332
0425137562
0862815592
9799023122
0385498055
0440217687
0340682655
0671431285
0373253303
0380819635
0345294084
0345361180
80213825
0345421825
0099282410
0061094404
0765342308
848450767X
0517570211
0312199430
0712694625
0345443454
1857978137
0007117515
0739429329
0078811961
0142003190
0385491182
0749391308
0345436911
0451169530
0842329277
0393308138
0440220238
0345339703
0842377506
0786889179
1885840039
0440123925
0434009199
0060955570
0646240501
044023722X
0552998346
0446350982
0345417623
3610047127
0440217067
0451180232
8495501112
0679762655
0373441851
0060965339
0809248654
0618263276
1573226491
0373029608
0671501070
0316168815
1568651767
0446524670
0373709846
9025291287
0060952970
0671759310
0192834665
0374284385
0684803356
1558505113
0517886014
3499427885
0446607622
3453137140
8879839063
0345313755
0060988649
9799633748
067978148X
3453164164
0676971962
0553136410
037570924X
055357809X
0099603802
0515121487
0671021001
8472239470
078670621X
0375705228
08125635363
0778320049
0345355105
0060925760
0892540141
1580173136
0002258277
0553579525
0373707223
0553295276
0385334036
0375760512
0140714553
0441289886
3453088433
0399140433
0553296981
0553803328
0349100136
0671019961
0440213150
8401490316
0671015605
0804117683
0380724081
055357258X
0517599244
0807106704
1550130994
0553562738
0399146695
3404133285
1564580857
0446314544
0843949538
0451451538
0553560077
1562921517
0935696865
0449005569
0425130215
0973599103
0385419287
185833862X
0449701573
0061097853
8845227367
0345381017
000184251X
0061091456
0809127733
0743417682
0671573012
0091828627
006080817
8440655525
8088939372
0440235596
0743211189
0425109267
0060191058
0553275720
0671693816
0261104012
0440139244
0446675776
0743251008
0061092045
8422619059
0440416108
0786927089
194800737
880781076X
0446513067
038533656X
1855858320
0446896756
0380795736
0440223016
0436598760
155166271X
0312284187
0394587340
0752224395
0670031062
0345384466
031220387X
0345253736
0451525221
0441002692
0373218419
0752576895
8172235305
0345432754
0061053775
0380816261
0811213641
0375401814
0771597258
0812532635
0380820765
155166822X
0446532215
0385426151
9782246633815
0449904652
0806615729
0520214773
3548330223
0375724443
8401427207
0671019341
0451141415
ISBN068481039
0007133235
0515132268
156931778X
0553276735
0671003755
0140501738
0749309466
0451159497
3442354161
0671702440
0917657640
0802787479
884590296X
0812534891
0312983220
0465037798
0451185633
0691069506
0517122707
0875421849
0881660965
0385319959
0590484060
0689852592
0060199326
88044999095
1551662604
1576752739
0553241575
0446525731
0394531094
8843800574
0553582801
1843301652
3257230435
038071843X
0440206154
2070720209
0679459626
0140296298
8488432372
0374281602
1567140548
3423781106
0609602535
0743260244
0399134492
0375757147
0316785261
188473748X
0671876287
2253152846
0553287737
0441007813
0446603716
2892613396
0446603988
0142002267
0140039589
1885003188
1853265535
3478719615
0425157989
0380728265
0345458281
1572970340
0679450424
3886807452
044651781X
0451523369
0425177378
0380724960
0749301236
0099992000
0586058397
0330369954
034530456X
0446353205
0425163407
0446604275
0285635530
0141011947
0451450000
0060506989
0553121375
0553580221
9505470010
067101823X
8888530150
1566195675
0747263744
0373292813
0283992174
0670879630
0684852624
0743528271
0312243022
0671793578
8804325968
2871294011
0385189524
0312302452
0895871726
0732271509
8401570557
0919028462
0671705997
0099298007
0449232522
0345465083
0446613681
1400060737
1551668246
0684859718
0060958022
0380817187
0452281296
0399150749
0714530603
1575667622
3810502510
0345428811
2020638894
3492224466
0515134864
0802135226
037322706X
0440166497
0671020293
1585730076
0133737969
0804112460
0425163415
067976402
0373288484
3548253431
0385199570
3499155443
0099410591
081890710X
0812545133
1575000016
0743406184
0399148639
0671568825
0679757899
3596110920
0375420657
8420646032
0440413621
0440945151
9724227030
0671559966
0679413138
3404161335
9812461574
0679460357
0553372114
0393300560
0671694200
0586037950
0812521390
1567314341
8817166901
0140390839
0440222664
0140284095
0394555287
0373218850
0553106686
0385315546
0399142789
0679774025
0425180050
0843945435
0345330676
0300078021
067973225X
3471780610
0373031475
0066210852
0812505085
006095955X
0385418493
0571056792
1551666898
1401601197
0439139597
071009006997
0804114919
9516434479
0306811677
0312977670
0749386541
0373765460
0449149706
031202259X
0505524805
1878448900
9783499125478
0440902290
0671034022
0440906156
0385730586
006095230X
042515601X
0451198301
0804108587
1566190924
0812535111
044900483X
0380817152
3492225861
0890871396
0425174271
0385720114
075151196
0812550188
0312971346
0349109087
0425122964
0425189031
0201550873
2742723730
34534575
0671252941
0385509456
0449206246
039914255
0060139145
0674766911
0451202546
0312925581
0553260456
0785269142
8871229746
0394708229
8429710329
0811813096
1580623085
0061099570
015602943X
0671718851
0025434454
0770421008
0425182843
0807002178
1857026691
0446530077
0553486330
0671792369
0553275232
0062516841
0380722704
0440363934
0385335660
0060161353
0452272092
0676972829
0156011433
0553159488
0451457897
0316926345
0385493916
0515131091
0553566903
0812924029
0743455967
022402342X
0787955671
037370934X
0671720996
031021923X
0451156609
0590251597
0767905180
0349112762
0446673544
08166732558
1860350755
0671894455
0934395454
067177543X
0140293248
0307216209
0345388526
0425193896
0931580900
8470394126
0553280414
0099244926
3453004809
0140266771
0553566040
3596237653
0679736174
0553213148
0192839098
1859677649
1573451657
0385494505
9067661007
8439711107
0446608890
0553287893
0679429891
0312983298
0671041789
1857027051
039303857
8877828528
0440235804
155166884X
3893312188
0684829576
0345390059
0333555813
0446527165
9722328115
0553268724
2253098302
0553258311
0394710487
0375704582
0875965040
0142004227
284628055X
0345329589
038523029X
0140262385
1573226521
078581485X
0375702652
0375758682
0425098729
0452278945
0671722751
36706950
0425085295
0590988867
0743436210
1557739676
3596259924
0156949601
0345377443
0842381171
0618155880
0061093335
3257062354
1740591429
0515124761
0020509871
8429713441
1562199064
0786880007
1855381125
0671739026
1557730202
0394580702
0451204948
0671623249
055311820X
0380819554
8879831305
0553285343
0553802976
0330331973
0553119672
3442450144
0451201442
0345274237
0446324825
0688032745
0517556758
0394719557
0312282702
0552133264
0099433818
0440222826
0380975726
8882463141
3491723213
0345335287
2253151165
0060176660
3883891304
0375702709
0451527895
0142300519
1860461549
0679025065
0954136802
0842342702
0765342987
037582233X
0340422637
0451205146
0671534645
0862417406
3453116585
0440931800
0684865742
3442136644
0812545249
1573225681
0930289595
9796555220
051513628X
1565922204
0091856965
0451204956
0868245542
0802130208
0345428560
0812542894
3518373080
0099282194
0812523571
0451409884
0934605750
0770428827
0803268904
0590053698
0340234709
8845251829
0553293370
04251828X
0399127984
0440117437
9782253139317
0671004549
1565079205
0385420161
0345391756
0807576743
0671852604
0553802488
044023512X
0151660387
8440677774
0451516680
3492121527
006019250X
2266110217
0345384733
0441007910
3442760291
9782841112296
0099279274
0310234395
0062500872
0671507281
0440207886
0330397885
156865801X
8846201612
0440414121
9025404715
0393963462
1560760699
8873055524
0708849695
1856264149
0676970753
0380712091
0684831945
3596137306
0440122961
3442431875
0688151329
0340230282
8807814935
0441328008
0380701340
0451202244
0140037969
0020198906
0345413903
0441008615
1581342489
0307131947
3426776545
0739413805
037325329X
0743225422
2864771969
880446769
078681859X
0345367421
0771089554
9150205382
0886779065
0140185216
0385306032
0140340203
3462022725
0345450728
1573240753
0312148240
0684842343
0451186923
0813507995
1576751511
0449006522
0330299905
0141182679
0553563718
0684850273
0449148718
0486408825
0743453573
059043277X
067318160X
0385335989
0679419462
0316693006
0393307069
0385303122
0671726234
0552998338
0671027662
0806518316
0671035614
0425189414
8422647214
0451453328
0553213652
0553569473
0688143687
0061097101
8846202503
067187098X
3442448565
8677810323
9512634570
0747557551
3257227302
0439319552
0439080835
0385240406
0866839461
1562053973
349910170
0486275434
0517559501
0679411607
0451410807
0440526701
8478447229
0440223709
0345339738
0312991460
0375727019
0739417096
0671534254
0671735594
0446532452
0451166604
0671829696
3423121890
0312169787
0936085304
0451410157
8435002020
0815604440
0345434803
0671039954
0345370139
8817531308
0689703317
0671001701
0440167531
0446604089
2246519810
0395926866
1559945915
3442249791
0156904365
0345430514
0712666745
0425192725
8477273243
0312201656
0399149716
0590460307
0425061957
0812902130
0375758224
0767912233
0020199201
0671778722
0553280120
0553248987
0552527521
0689807775
0965975401
0771078382
0425150143
0413537900
006000942X
1573225207
0141012641
0140440542
0345442822
067100042X
087113229X
0849942411
0140467548
0451175751
059060404X
0967488052
0374184232
1565927052
0316171530
0893753483
0060580208
0451184718
0708825524
0330376160
0385500696
9020423045
0312979533
072061080X
0345338545
9022979792
0753503921
0967511119
0671769200
0440235464
0553569775
1556238606
0312253370
0330330276
068930935X
8408016245
0684853531
0691017840
0582315697
0375411089
0452283205
0553265636
0394557433
0061094048
067082982X
344235496X
0446602612
0696211823
3442440807
0698116941
034540047X
0373169876
081299180X
9782226116680
2070416801
0859696707
0393318559
0375506039
3802527739
0142001430
1573227331
0060975881
0866119671
0812575571
067931105X
0385498802
0064473562
0385730284
0060173289
0060545739
0060929871
0471382787
055212351X
156942474X
8804460512
0099199807
0804119503
0451169514
0030491916
0373484003
0099800403
0595210473
3518412779
1552783081
3499124599
0812541642
0821754327
0374281998
0425176312
0684870797
0393029530
093045250X
0060934425
0446302910
0446691798
0312953240
0020519001
042518904X
0060930217
0375757376
0375704965
1882606396
0786014482
0380788756
0060972459
2841861015
0786862343
0671629670
0684800713
0099320819
8477301786
0425130223
0553109561
7678300395281
067166929X
0060392169
0060099453
0060915544
0312977263
155850804X
0671683144
1590230051
0440414806
000649613X
0747557039
1551664313
0767903595
0671730568
3492043267
0740721992
0712646221
3423085592
0207168997
0689714092
0679405283
0060928336
0449006565
0689843372
3442430917
0316102121
0771066996
0590339354
0805066586
0671774786
0091793475
3596204089
1558505814
0786884142
0671010085
8484504638
0525457569
1400031346
0553249002
0441172717
0440236665
8804427426
0312964374
038075889X
0446515051
9722706829
0441008534
0380731800
0099433869
0441790348
3596110572
0449223612
0618260587
0373030770
8845916324
0671876015
0889085285
0380788624
0380819597
2070528189
0446672351
8807490064
3442728940
0440207835
8807015374
0751516821
0399134026
0671578391
0006168663
0201059592
038531700X
1558581030
0553295608
038000951X
061092223
0195030907
1853262501
0887295967
9783499429194
0590423827
038071504X
3892680124
9023503015
0312970048
0345388259
0373483880
0385240880
039396194X
0061013420
0380756234
0345363582
0871238705
0758200374
0812550307
0141303131
0515126772
O345438329
9509439096
0552996696
1551669633
3518388193
0553109839
1853260320
0812580133
0689108141
0030623774
0679735771
0300082533
0373825862
0671728024
0440222656
0061015725
1885173555
0064471837
3789129402
2253063339
0394577892
0140296409
0449001946
0802139256
8420637467
0671528084
0345447832
0380791382
2253022918
0671785540
1853260436
0446327069
1856978842
8433914871
039471329X
1857026748
0553226568
0425102416
1929001053
076455039X
0586085882
0345452569
0449224260
0385491468
8882461394
080913960X
0803291868
0821753592
0395286298
0385479700
0609801279
0764550934
0140053476
0312988257
0340689315
044100914X
0821763008
3404144783
0440114764
0449234509
0451192575
0440213371
0553583980
0786864516
0345354435
0449204979
0312959680
0446520381
0385490992
0451185005
0061009059
0312980205
842974813X
0765305135
0385324057
0515136182
272427340
3518390813
0373196040
05862318467
0670896764
1565121333
3596254558
0446512710
3827005167
0006165109
0373218192
0393307980
0767906373
0312261721
0821761730
038550117X
0736421718
031205520X
8432085359
0805237739
0345334302
0345370740
3499132095
0440213991
0770517307
0671836013
0374237131
0156901773
0671535552
0345306945
3828972748
0836218663
067003195X
0890878498
0312266154
0747526036
0786889411
0590399861
0373292112
3458330739
0941711048
0965857409
0316603570
074341134X
0679400702
349923095X
8401495474
0740724894
0241140935
0679446486
0747257426
3423128739
0435270214
0380898179
0553270885
0515132772
8804432675
043904233X
067178546X
0151002223
0451457951
0575401168
0525946829
0373484232
0064408655
1551668696
0553099760
1841151459
0130195766
0399147101
0452279070
0676970087
0877959269
0061056294
0671632663
0451179803
0553250426
0552134627
0310200970
3980439070
1578050499
0679762698
0679753109
0679450440
1878067745
8804471875
0786890371
0446606812
0399525262
0439906466864
0802134459
0141000198
363087147X
0099303825
0385469705
8811669162
1566190088
3442425956
202030743X
074322311X
0451518640
0380758369
0525942998
0385335180
0553212923
0553102222
037550298X
0345391810
0553276867
0385415672
0330325795
1562470345
0345334310
0609610597
0744569796
3518377434
0380752166
0451184114
0029190959
0373273533
0440221595
0590453661
2843041198
0451124340
0962455741
0451454537
014018502X
0751531111
0440237092
0345327772
0312961324
0060217952
0875420133
3442238358
1560255021
0688084923
0446329894
0345411021
0451524268
0399150439
0007118627
074320445X
0003701131
0425039102
3257227795
0312935544
0312976275
0345362861
0671877372
0345394259
0316182540
0425130711
0380004259
0099387913
0374129983
0451525663
0061032034
0758203004
3827002303
06794455226
0553579606
0517881640
067697175X
081120006X
0226264017
0712673172
0812536037
0140185364
0312421273
0449149943
0812585151
0812584244
0972852905
0061084328
2764401809
0140072659
0312957769
0375709150
0312926294
0553584367
0684841347
0316922323
0451210220
097139427X
0060931892
0374512973
1565928466
0553801821
0441711626
0679746048
0374157065
0345391055
0060929790
3596223946
3423704691
0840715420
0440225825
0553230212
1551667010
8601016324
0312862873
3404701704
0141312351
1886910588
0451185560
0207186359
0671042572
0376048859
1400034779
0394757009
0385323964
0374111197
1573225053
0380785218
0373227078
0340750626
1551669072
014028009X
8806143492
3442453151
0345424611
0449211673
0140622306
3462033360
0425178773
0375500510
3442439116
0373243871
0380730847
0132912201
0553138286
8466311408
0552529680
1558172602
2264018550
0385333919
0874831520
3442447186
0061097918
8420603295
0385491085
0345360001
0553090593
0425183181
1552780015
0380793229
0451201558
0871239027
0449206238
0771090781
0395833620
9070066882/CI
3257018681
0399149848
0440167787
0446527084
0385319568
1901130312
0446605573
0312961553
0812502124
039914143X
0006480985
0892966432
0385182619
0816772088
3442725542
0671724517
044012929X
0140181555
0688069711
1862042551
3576113886
3446182888
0395877563
9061527805
0345389980
0060005548
0465000800
0671027387
0670883476
0061044539
0060932627
0345422511
8401490987
3423130563
0679801146
0553579673
0385483821
0380732149
1886371008
1550132164
0786814446
3538069433
0836280008
8401570530
0312983867
1551665824
0449200221
0515131229
0140184953
0440204887
0316678104
0804115427
0590553232
067003133X
0446523003
0743463544
0446611697
0689806566
042518384X
9780385473118
0966077814
0684831546
0380754843
0590483455
0883962683
0226500578
0385493800
0553271636
0736037772
0374126054
0743233026
0441772854
0893753467
7800055523/10
3442436192
0399123040
0316693294
0312982585
014013168X
0140143882
8673311373
0932813747
0380727943
0380816857
0590399934
0890877459
0553273914
0373244622
0486411087
3401045849
0765306298
0804102988
0380820757
0451623762
0440220602
084234716X
0671758896
852433573
3442050766
0345370775
0553505637
0028277775
0672609711
3442430631
0440218969
3404130081
379200027X
0451144597
0451402340
0553580078
055357924X
0670883514
0801852447
0446611808
0263827399
0375761608
0312264372
0345318226
0471199680
346202955X
0688148638
0553210114
0739423835
1550546007
0345306171
0786883642
8496246566
061316636
0671035452
0440222141
0140178724
0671492276
9728202032
0804108773
0451183940
3596158028
1580628362
0684813459
8476692285
0226025934
0452262933
0142002798
0875421180
0380732211
0440214173
0312275420
3596237874
0375420673
0345327861
1560250909
0743211375
0449002128
0932653472
0440979374
0060975504
0373290756
3596152984
3442444128
0765300265
0887307515
068487217X
344242529
0688176933
0310385709
0441008976
0061020400
0553564994
078144165X
0394712587
0312982887
1570427135
0330337041
0380472821
0061012351
0312960980
0394929209
0060175400
3492238696
0689845936
3770156099
880770143
0691005419
0373153279
0451204158
0140261524
0884963799
035612584X
0006471641
0451411013
0452283973
0758201435
0671727583
1863251790
3596505135
0812576403
0380803402
0553576119
0451410548
072310551
0451166361
067102096X
0912423218
1883011671
0440214041
0099268256
0553104241
0451407946
8420483702
077109955X
184195280X
0586040129
074345393X
8440677529
0941188779
0811824543
0385498721
0312867808
0743255453
0679771476
0345447840
078355284X
0843950374
0553127799
3596122279
1593080220
0446608270
8820017865
0770428452
0679751521
2235020844
0140231900
0671240862
0345424468
0099255189
0440226686
0061061883
0671654160
1574090429
8488791569
3426615355
0316734837
0060506695
3407806892
0553212249
067398527X
0590877607
9722906631
0446611778
0881380822
0060952423
067166980X
0812575482
0590568744
0385603401
1857232992
3492238327
0884042847
0330305042
0446521582
078686818X
0312155859
0380599317
2070426297
0099227428
0920256368
0373790406
8421625780
0446516988
1856851311
O76790592X
0061099368
0449221482
0440236673
0714829919
0553050672
0451158237
0843937939
0330341421
0449002632
2070360784
0449217191
8423309894
0813512220
0099474913
0380485532
0670853097
0743409272
0553212761
042518286X
1582432376
0681005718
0552995770
0449210820
0553571885
0805071849
0393325172
0708980848
451197410
0373030177
0425181103
1551664704
0671027220
0373825013
0571206484
0670032646
0441892558
0345363116
0590059475
0099489716
0671534742
0515128546
0373194900
0425098559
1555914241
3426606739
0441167306
0451173139
0688110320
0451176464
0140445137
055210827
0064407667
0752844059
044166251X
0449204553
3596247500
0553575279
1565122720
0446527750
0752807242
0886778603
18009555115
0060099062
3407787960
2910188132
0886460433
3518384155
055358264X
344242366X
1559947144
0061050938
0553292307
0823048543
0770428649
0671534726
0770101801
0758205686
0486290492
0446611638
0312983271
0671228706
0821724231
9724609286
0515128007
0807046817
8833906019
1585748005
0590306995
0553207970
0743230655
0812511816
3891245742
9074336752
8483290353
0880014164
0061059722
3530100072
0552770051
0375706852
0670839531
0385471998
0553375407
8807813157
0425177750
0965026656
3426621592
8809208013
0679735984
0345355784
0140390847
0708821928
0345314484
0595189113
0380978849
0821738437
8495971054
0345344464
3828600549
0571202136
0713997613
0385510438
0064407314
0156029030
0671023772
0739438719
0860685381
0380725231
0393301311
0375402098
3293001211
0671660632
8482410008
0691033900
0312950675
0451134729
0064471055
0449241807295
039915079X
0821737651
055327659X
0821726188
0811818349
056353821X
0671017063
0060926317
0380806177
0671870114
8481301361
0143035002
340413737X
8804468947
0515122491
0375703861
3596502292
0822952963
0425177718
0374522804
0753162067
0751520098
0679761810
0889611343
0395294339
0679760849
0864424574
0061054321
0232519870
0340250607
671873113
0671700081
055356773X
1567181651
042519471X
0515133418
0446609943
0505523361
0804113831
3518455559
077103699X
0373711301
9057670860
0425190641
059045367X
8440655193
8427285256
0345331486
0782129587
0316734411
3453072057
0756400406
0399150412
1568582862
0684872153
0812515285
0099866404
1865080217
1573225126
0061098019
0345298349
0425142485
0394700163
0684862719
0812516192
0330301497
042515405X
067976397X
067087146X
0375701850
1551668416
0849942551
0679409998
0140620540
883847807
0786700661
0590399942
8481302910
3453212045
0671023799
0312423772
0312995466
3442450608
0394624246
0141002077
044990024X
0060517794
0451163753
0743408802
8401328128
0441005764
9001552935
0684822652
0300011180
0060195444
0718001044
0312970234
0671898493
0860917886
0449702545
0440402247
0373707630
0446603309
0553213075
0345413881
0425149625
8466306811
9834131202
0340715561
0553380281
0449212858
0449238040
087542791X
055309503X
0891073906
1567920047
0380807947
1555910408
0345430530
0375703055
0712670440
3442725828
3453137582
0915145669
0140263896
0684852225
0312936044
3612213695
0060173696
0425113884
076790382X
1883729076
0571152236
0747260060
0671042262
0843943777
0805210601
0345441508
0811213668
0316666009
0450054977
3434460632
0385494661
0395405750
0380814110
087226002X
0385503822
0553282476
037323015X
0399150129
0440146577
0778320472
015216250X
0743406125
038079893X
1931561362
0440209862
0671793233
0156006219
0399133143
0517150514
0671867156
8421725238
0747525722
1558748903
2011550785
042510107X
2070364569
034536743X
0099143615
8022010545
3257202261
0349105332
0786866616
0451523202
0373116187
0517593343
0671634984
0451167538
1579901484
0312151667
0553571656
0708848508
0553583611
184022410X
0451204530
3100485041
8423916014
3442238323
0060931337
0446605484
3453007867
0345404114
1877961108
0767907817
0380804719
0140302298
155166710X
0760704228
0345274563
0440906490
9021497425
1857981057
3499222841
0380725576
0451158636
0830812180
0345316002
0345404440
059035342X
0747234892
0440221099
0020199058
0812584341
0373708874
0671517643
0553153277
0671876007
1587492091
0679437851
§423350229
0345404793
156352337X
8806129767
3455057500
1860499627
3404132998
1551667177
0140005366
0679756434
3251004557
0345433785
0373245599
0525651802
0764224522
084236689X
0060176776
9029041862
0446610232
0872204944
3423202947
0446611360
0345280660
0060958324
1841154180
0345330684
0312982518
0911295097
1564145662
8844018930
0060934417
0879733195
0375700757
1594480214
0718143051
0373029195
0671519603
0836278739
0345380371
3803131677
1853261866
0449213773
0671727796
0385189443
0345339681
1568362943
0440225108
0590355864
3442453305
3596270197
0679887563
0316602906
0375504397
0451181379
0969518757
0843950315
0373263724
0140386270
0671042114
096190884X
039914675X
3813501272
0099092808
0394576268
0312265042
0553299468
1883303117
3100660250
0553286374
1551665115
0812536355
0684837102
0552146153
0330400665
3257224915
0373261322
0425177173
0688111289
0671872001
0671657771
0892435666
0061092193
0450588866
0061094110
3423780819
0553582267
0805453520
044155279X
0446671002
0060184701
0515136530
8401376114
0449900967
0380728249
0140133496
3770148797
0671318373
0345366239
0451145577
0671794264
0679772669
0385315236
8804448008
0786926902
0440234972
0393314251
0515136204
8882463923
2253010219
062003615
0679462988
0072122668
0345427653
0312876491
0740706004
0671024388
0821735764
0028643380
0345396065
0679433023
0553210378
325721040X
0670465682
0140274367
0340606517
0446606723
0553801430
0394889592
0446529117
0807062995
0440212189
0425169863
3442760747
0553257862
0060149310
076530418X
0061091316
3502517142
0142003727
1582340544
0552131075
0679406557
0061031321
067521162X
0142001007
0786014237
0812575857
0684868911
1575664623
0679411623
0671004573
0811817962
033024003X
2226133097
0006513239
0099456761
080215185X
0446527785
0385482442
034544194X
0609608533
0670807206
0380010038
0786916044
037540256X
0764226223
0825210571
0965024060
0440218659
0385312075
0440224780
0767915593
3458163409
0449132927
0871136791
0140186042
076790592X
0553574574
0696000415
1586607146
3442450322
9724222500
0679735909
0440507189
0399149155
0064402967
0553583468
0786890444
042512519X
1857997220
0394745450
0006552021
0930031717
9724116913
2070380599
9780718143688
3423125837
1551668998
055357227X
0425132951
1853260037
3858423793
0380703386
0771014805
0451186362
0440225590
0375411550
0441009239
0451185323
1552042065
0373218958
0066210127
0849952174
O590459880
0786861924
038081479X
068484267X
3442241332
0771099843
0312990456
8440666926
0515118249
0440207428
0553234609
0385499345
0440967694
0671611208
0895863332
0515118567
0898159318
0586038469
0679406832
051513239X
0805019375
0061056588
0385507593
0385504209
0764226819
0771060545
0451172817
0451524802
0316171565
0380732688
0743448405
059041836X
0385720920
0310235146
0965075357
3612271482
0380765144
155874262X
0595131700
0140159703
3257229283
0880708387
0446522740
1860499619
0345441109
1551668084
0765342529
0140272151
0440174643
0373218966
1551660504
1888054557
0553560735
0345386744
0345330315
1567184855
0441006949
1556524293
0671400622
0061093092
3150098130
0312422202
3442727308
0553135457
0571207723
0385083181
0393048144
0525947299
0440998050
0743202473
0571200222
9511134825
0156528207
1555139884
0807081025
8420613126
8573024771
0345417054
0812535707
9513064158
0425171396
0671442686
0684834723
1573926809
3499433257
3453161971
076530953X
0743434854
864410456X
0375806717
0373825021
0451163540
0140239405
006039157X
3612274546
1566193052
0140292314
0671578219
0140074481
9021474166
0440841216
0684864320
0192824058
8804479264
0060175656
0440222842
0847819388
0064471071
0135430267
0345423496
1558744797
0553268147
0451199693
0393315606
2.02.052437.6
0425092941
0385483732
0712673121
0451198972
0345423402
0785271295
3498095773
0911805028
0373710933
8879831135
080214022X
055305807X
8440661800
0609807552
0671021745
0446607657
0345288866
0743435338
0330334743
0140065504
0843949988
0385316364
0451521412
1863305319
0373227922
0385263457
0688024068
0515130923
0679408363
0671034545
0553576925
1884910513
1551667959
0771099509
0760700362
0671708821
0753506963
3923781342
0060969083
0590435124
0330360426
0382069978
1565122224
0753811464
0671047329
0451179331
3608934243
0440419468
0446605050
0751511064
0440205573
0747566143
0749322330
0684833395
0425188132
0449211096
0843948574
0440213282
0816742073
1561792225
0789705672
0151007039
0553583166
3760730906
0671730177
1586635603
0684841177
0394573358
0070313717
0451191013
0486266850
0099464810
0688172377
0345286626
082451498X
3257231628
0590684175
0425175405
0765340313
0006499600
0020291604
8484503674
3518381563
0553348981
0044403119
0684800993
0679837140
1567315488
075284802X
0141009675
0449905675
0684717972
0553346148
0099769913
0938077961
0679736042
0373031238
0393970140
8022011215
0671704966
0553274503
1573221112
0330319418
3404122631
0393317552
0399139273
0440222818
0451210158
3257229666
0440101859
0312145357
0553285033
0743428668
0151997535
325720714X
8879724614
2277220620
1558747346
037322379X
0385507836
0767906632
0882661078
0028604199
0440005868
8120801644
068486424X
0060198559
0425097609
038079165X
1559584416
0099556316
0752815989
0060542845
1558531025
3499130467
0446608483
0552148997
068419564X
3518381091
0764227270
0590767836
0671671138
067003231X
0689316836
0451177096
3442450098
031298328X
0883455293
0425118703
0006754023
0679785892
0553380958
0330482335
0425161242
0864427433
0949793264
3596280524
0688143695
0352332220
0590442341
8878248657
3492207006
200ISBN349922
8408031848
0801057124
0446604232
0521477352
0394534433
0425166139
0671003364
0399138749
1576732762
0735611807
1860491022
0708820395
082632150X
0345320107
0671026011
0571193889
0060171928
0809424045
3442058406
0345378490
1559700904
0684844818
0553213377
0786869011
1571740562
0440207614
1929001045
0060916508
0553582526
3442723833
0596001975
0842303804
0446327182
0312978383
034543594X
009930720
0399142983
0452284449
0446315028
074322423X
044661257X
345307369X
0684862956
1893910245
0330321935
1557091927
0448060043
0385127723
0425127931
0875420052
0761133208
0553565605
038081658X
3926112263
0176028358
0586054251
0375703152
1569715025
0452283337
3492221521
0394805720
3453157249
0399148248
0811818438
0671739786
0091831040
0670838691
0345430840
0553572512
2070378837
0553274325
0345342402
8845218333
039571088X
0385299842
1400041341
0803703724
0871137542
0671602705
0821742345
034544356X
0380728842
0446527041
0140274782
0345468694
1575664259
1565048032
0375500707
0684848465
0684849690
0679731199
0385267010
3404118839
0380895366
0449212408
0679444815
0345422392
0684826976
0345440781
0060959037
0807848735
0099429799
0316096199
0425163091
0671793535
0349101779
3426010011
0393038041
1573229148
1557488177
044918336X
0345441265
0770509576
0380710005
0060920076
0553271881
0151327653
0345443683
0743456823
0441810764
0440227739
0971258554
1558742913
0671640003
0393305473
0553212451
052594527X
0446604801
1853262102
0373226985
0425184226
0553568159
0434973203
0804104549
0590494503
0312311354
0811203220
1551660202
0679404783
0451451732
0385336195
0767905202
0449003183
0375724370
0373250193
3815723728
0812510488
2070404587
9770390107900
0345387651
0553208586
0684848066
0349110859
0553567071
0060095288
0631180281
8804479248
0312995431
0380820153
0345378482
3596252571
0440227194
0590435116
0449224392
0151003076
0446600474
0671027123
0440154472
0684871483
0679429883
0099289636
0449149986
0879515554
1565920627
0446341916
0345396936
0843950900
0696216981
0671023780
0020198817
1558744290
0440241537
0141308192
0553581554
3453864867
2020477815
0156439611
0380698714
1578564719
0061000280
080483248X
0671035460
068481885X
0142001740
3257228007
0060934913
3404920872
0855506369
0395869463
0786867787
1879181495
0099282917
1885408269
0590065343
0812530314
0394309685
0811214745
1573229571
3442413338
3423126949
186325269X
9724111989
3423125071
0061099325
044900578X
0425167461
0764534718
3492229700
0676972357
0550105689
0307132668
0688105548
0385720955
0385316860
1860466877
0670033316
1562827529
0842329129
8817258172
055311557X
8881123533
0425178765
1850790353
1580050123
0393318966
0395877334
3423205202
0441166245
1575213907
0590956167
0944176003
0380786699
3442356083
2264026049
0141308206
0812380428
1587611198
0394553284
0395928990
055299720X
8481720151
1878067338
0425095584
067101692X
8871683196
0553569414
0449227421
344243372X
0552130885
0140276335
0156309505
0325002304
0060092653
0553565133
0553571818
0207154627
0375413278
0533108689
0590441108
0486275477
3423124237
0380789140
0679435328
0316781266
155773643X
0812513738
0679767193
8804384387
0345435109
185326086X
8828601663
8817113646
0446606243
0713913452
1400033349
0679774386
0451526341
037322561X
0533121922
0385508042
0380796104
0156935902
0739426915
3434024104
0345333152
8806151932
0553264567
343450530X
0373832990
034545104X
0449212254
0394755111
0446613444
0786868414
1860492592
0765303817
0451208188
0312059965
0767903625
1582341052
1576736156
3257226586
0670891576
0848704223
0821738003
0671680439
0340188332
0553560247
3257229909
0684845075
0515130966
0449902927
0821775898
0151008116
0385493533
3453871251
0836214439
8879830570
0618033874
0763615382
0373652267
2020541750
0333119460
0679404430
0304357278
0446313777
0006497802
055214746X
0590568914
8838914052
0140298401
8806155873
0671451065
0679781641
0786861827
1881471578
0312924801
0099458101
0399138684
0399146725
1863736522
0446613266
0380791994
0425158993
1573229083
0671014935
0896581306
8481305189
3407787626
8440676077
0312971028
3257211562
0821766767
038549081X
0425167313
2070364232
0451162625
0380818604
1853260193
1566633370
0373288344
0684841185
0316693286
014038572X
074322261X
0312204000
0380730391
0739429078
0886776430
0694521469
0340508043
0747512302
0446525502
1857036409
0446606324
0142500585
3423130784
0553574477
0375700676
0380754134
2290302155
1565070003
0553104829
0671867172
1862047626
082176568X
0670843318
8408031759
0515120650
0345312007
1567182240
3404130014
1551667908
0786890436
0676973930
0373250126
8474442974
0821765442
3801501493
0140067477
0733611141
671770705
0515118656
3492229034
0553297988
0471346462
0399144412
0553582755
3453082524
0385496907
0812561872
0446605239
0786880708
037570504X
0552998486
0590442007
0767903854
0446613843
0425109720
0375502238
0590447297
0965086927
000624565X
0099771519
0816708185
0676970745
0345362594
0679889299
0380402874
0399148337
186450062X
0670031763
0440236061
3453177878
3257209266
0786888083
0373054211
0688170528
0446610526
1853260487
0553210823
0451183150
0380800268
0671759345
2070361381
0142002585
0671737783
3896560603
0609608045
083611714X
0312980140
8804487682
8427285442
0671009834
0515135828
0062504908
0440901839
037365233X
0140244824
3886806138
0345340248
344244957X
0684853612
1853261580
0860206769
0345409876
0345434684
1558743790
1551668270
3433072318
0373709978
0451202503
359613191X
978094769434
0002232847
0743206061
3257217587
158542059X
0060188731
0061097314
0590477382
1842550489
0821729721
0312198493
0877017883
3807702628
0140367152
0449221148
006092988X
0451167317
0425147622
067943612X
0064442640
0373652216
0552149020
9722504371
0061030597
0312282990
0451523873
0151567956
0425034038
0679743243
0449227545
0440213290
0684717689
1931561230
1551661764
0842304746
0895557819
1572972319
0140127232
0393322157
0425186903
0441005144
0425155404
0062548662
0552998419
0688042171
8845246590
O8474238757
0586057242
0786885416
1573227358
3453023757
0425172996
0586084622
0743243307
1571458506
0394820371
0449234924
0451154924
3442444365
0316955043
0064440028
0515115460
0312254997
0345409035
0446604402
006447108X
3499102617
0804803919
0385494343
0312272758
0373244487
9725300564
8804430044
0441003257
1880418568
0671896768
0140243321
0553579754
340414337X
0374480095
042517638X
0861782356
0786711035
0525939245
0142000205
014100018X
0863160689
0140087125
0877423520
0064471101
0451139712
0671799045
0425166619
0451180410
0553250531
074323443
0142004235
038550988X
0812575911
0670836206
0849942845
0140013148
0786887133
0553564528
0684802325
3442456185
0373709617
0670805149
1855853612
0316989797
1565920015
0802136443
0345449347
0380792540
0394521641
0609806505
006019619X
8489691924
1568810725
8806325167
0385021046
0805042156
00609237107
0743235150
0399151648
0385492510
0399151273
0590461923
0330308807
0761501231
0671753819
3502519501
0375501851
0760703450
3499227304
0446676551
0743453271
0345427637
0671035649
0590137727
553053671
0006747663
8874960107
031205436X
0609610252
0399144595
0886776619
0312092539
0515106607
0765340771
0441010512
0767915062
079227685X
038529929X
0671519816
0399131493
0552147753
8488885113
067188462X
0753806738
0609806394
1853262315
0375401067
1551665735
0590251589
0596001703
0340692960
0451407636
0943990882
0671709089
0812533054
0813339391
0875421296
0316291161
0140186794
0787605085
0671832174
0812535219
0440224861
000714590X
1559945893
0070390150
0449204324
3596152267
0671697994
0385128533
0061099805
0679767800
0972393617
0451199677
091485162010
0671034006
0451522222
0553567624
0590462253
0874779499
0156006847
0062505319
0553584480
0060153830
0671507397
0385334710
0800757955
8817113751
0590333771
0345439988
0345409329
0802431321
8096752545
0590404008
1570281440
0413732606
3832310134
043936213X
1561840807
0609606808
3426621045
0425155293
0749397470
0517101351
0374281947
0385334842
042515999X
034068948X
0743230213
0345353145
9782070368167
0345309006
1931742200
0451154983
0821736612
042518546X
0671775472
0771060548
0465024769
069104919X
044651652X
0590483544
0553265865
0679734058
0679416498
0440413729
0552993484
1893554430
0452283027
0316926108
059044087X
0553052691
0310205719
1551666650
0749311169
0060561661
0316769487
8807170698
3150000513
0099179512
0871138700
0965327507
0764226053
0253326877
9813068930
0385298072
0399128905
0373871295
015696158X
0671567713
0553584707
0870114948
0395977894
0446523879
325722575X
0312207743
0552132810
014025448X
0771044240
0451408756
0708831478
0811214982
0439136350
0394850866
0451184963
BCID: 2211781
0140422099
0821767240
0552146161
0440211263
8845225747
0449214192
0399501487
0007118244
0531040682
9780380977253
1568654766
0345353730
0967488044
0132874261
0893757071
0812571568
0553141406
091638363350
0679456996
3518390805
0330376284
8838422516
0373226683
0671556452
0061031038
0345460952
0515090174
0061008109
1575665549
0451161351
0345362276
0156106809
0743437691
0140386335
3548363768
0140369538
0425027066
3423205903
0061052051
0590425919
0399142495
034538475X
0345340973
0373226810
9070506041
8807820668
0099405091
0743448642
0439285127
0373261233
0515122270
3499100355
0743448677
2070423158
17224918
880613499X
0770428983
1558214267
1405425768
0375713425
0060012331
0451408888
0316955078
0061030864
1841721506
8804421843
0140265988
0440194784
1573225789
1582342156
0740710028
009917331X
0553277243
0743463749
0966075005
0671776134
0553235559
068484270X
0060539550
0689821638
0399139079
3893921982
0440498058
0760745269
0452281784
0375700528
0140283323
0679722068
0553578308
0345304659
0060933577
0886878209
0316789992
067988288X
3890904602
3471781870
0345335635
0385484518
0965060495
0515135453
000649840X
0888301391
0345308484
0875796575
0060179570
0944072410
0525947647
0345368754
0393968812
0440222680
1580050913
0310241006
0425054810
0263827429
0765341840
8423996565
0349107688
0836220854
8877671254
3442425506
3442360676
0385486804
0771595441
0553574787
0440234956
0446608815
0770427162
1582381895
8804521104
0375758232
0830813241
0380730138
0312203578
0441662536
3499188503
55307280075
0553210599
0778320464
0312206119
0099531208
0899091865
3502101353
038549422
3426619679
3746616360
0446365386
0785270221
0446311774
9727110843
0312242646
0061096083
0140510133
349912176X
0552996068
0374453101
0553139495
4770015364
0345406931
0671748084
0553564943
2253033839
0440237041
0345387791
0446530891
0571165303
0140294236
0743453972
8401385288
0898156335
0393322297
0517202700
2878580753
0345444884
0807551414
0586212841
0060512377
0345478266
0330364553
0310214696
0435900633
0865163529
0425179451
0743236157
8885989403
1850152721
0553378279
0062501860
0590313185
1551668432
0380725827
0515132136
0312078889
8420483869
0806902817
0060925000
9060911822
0345439104
0345384377
1880284413
0740721909
0440221471
0684196395
0671726749
0345434358
8472233502
006019491X
1586481274
0762403004
0374100128
044021145X
3931569233
0439390672
0385337116
0764552830
0385494785
0749394064
034544244X
1556618883
0399139818
8804347678
0316418730
1569711364
0786868716
0345294823
0140108718
0060973722
8440696841
0821748947
0345284569
0812550757
0618002227
0425183971
0822953277
433393971
1853260002
0787949345
074347676X
0425149811
006017143X
0140621725
1896951066
8804486201
0811836908
0679433090
0440224675
014034991X
067187120X
0394501861
0733512399
0553252720
0843930314
0679457143
0818403586
0553581929
0670872210
0553213113
0345411471
0449206475
1551662760
0590434985
8811587603
0525947051
0618045996
0449212602
0449003795
055356451X
0380718340
0553582763
0671867865
340420476X
8830414824
1567616097
0385721420
0425174085
0060153784
0961696702
0553580906
0886777755
0373035942
0060932147
0399151060
038079487X
0399146431
0804112827
0451409159
0801855926
39202216385
0380732661
0451199448
0140185399
0872862097
0515125628
0425146812
0449207595
074992134X
0553379194
1565070658
0671680080
0767915054
0375400516
3453169247
0871136090
0684192861
0533211358
0345425294
0345438167
0451185145
0375401628
0679742115
0874060419
0446607207
0767912365
1841952753
0679720227
7800054262/10
0099437686
089870183X
0676973922
0312951647
0425158632
038548951X
0812521757
0962188301
0385335881
349223581.6
014200183X
038533334X
0571171435
0452259592
0688156819
0373292198
0671685635
0066211611
3150042062
3257232942
0312983654
1400077826
0312130279
0061092800
0671522779
0451205634
0451525973
880446489
0394887816
1550961748
0743222245
0061043265
0553204548
0671687085
0525946969
089281781X
0743403614
2922660168
0141301058
0425173534
0689829833
067088796X
3423020377
1582431175
3822885088
3442761190
0786889616
0446610739
0743504828
038531258X
0465031501
015100692X
0002237520
0425080021
158640010X
0671523074
8807817935
0141312556
0821740571
0394578201
0590457365
0393018164
1881273156
344245283X
042516876X
0394408098
0380817691
0446522570
O385484518
0373709420
0425098087
0140182748
000651409X
3499157772
0385501412
0439316316
0449906248
0099786400
3442721199
0345318587
0446611867
0385314256
1573229326
0890097003
0375404082
3446202692
0140250948
0380718332
8473866762
055326981X
0440220696
0803298005
0451204301
0684864223
031284879X
3442420733
0446608955
067984743X
0345386825
0140273255
014026583X
0877858439
0800757653
0385491026
B0000AA9JB
0140230165
074324088X
9027456100
0593046986
0060192348
0451093380
0312263120
1556613776
0143033603
0374523223
0689829043
0671655981
0449146537
034541389X
3426619954
038548741X
0747549605
0192815962
0688162827
0879389478
0449223345
0440213029
0373441193
0930289552
0968751903
0471821292
0060505257
0060930187
0312130481
3436000302
091638379350
0425180468
0671876457
0399140557
1558745718
0671250671
014044016X
2070381161
0006753973
3426730766
0671729462
1853260851
014044615X
0671689746
0773520902
0743457951
0671798553
0743237188
8888375031
0749398086
0743477316
325721670X
0330375253
0395521483
0786911794
0670881791
0006512089
0821769308
000654780X
0553111647
0345354621
857439742
0553492772
0743216032
0553576348
0771075057
1857029402
0706402596
0747532745
0316690155
1863737189
349942844
8481360325
0471325465
0553575619
0586044507
0831746807
0553289012
0441001866
0767902521
0446516732
0671542133
0671733893
039592720X
8827200592
9722903543
0451408411
0684854090
8495616017
349913599X
0006177271
055321313X
0440295987X
8476726171
0061097497
0590446282
0515087122
0345388593
3404148576
0671720287
1557731314
451172817
0385473117
0452280621
0380631075
0684809982
0676973493
3442414199
0743203909
037507485X
0060936509
0743477081
0345313860
0877880387
0312983301
1400034639
0373709862
0345359844
0708825532
042513699X
0399146180
0374526915
0590419528
0373710348
0912697520
0440213525
0374267812
0440224764
0553142429
020042775
0380713608
0451160916
082171466X
0689817851
0553213520
0028611365
3442452864
0874775434
3548600808
340412815X
006016767X
8475969798
0671027514
0345433254
0552993840
0515136379
2020349752
0969337000
0739429124
0330268325
0743216458
0679776117
1551662922
0394564677
0684867621
0743411269
0553212583
0135729823
8804494441
0345317580
250ISBN349920
1569521409
0060987510
0006543545
0345375599
0874778883
0413667103
0385492790
3442540356
0451204891
0425165353
006052510X
0771022328
0446610674
1861069820
0739445049
0440224055
0312983824
0816704112
3423125004
0425168697
0451456521
1401022995
0375502025
0333765818
0747548730
0345313151
0373261888
0373119755
1570623295
051513225X
0743245237
0316602051
0553569570
0385258674
9722107909
8817106259
3499139235
0684857014
0773724168
0380759500
0446671304
0684801523
0062592378
0375758771
0399143335
8422666839
0375706771
8401505518
0330294008
0099534819
0849942926
0380801523
0399151451
0380714566
0393964817
0812821610
1400031354
880443600X
0006547834
0425182258
3407796374
0553573489
0440241162
0373245319
0553275968
0812966872
067081489X
038079828X
0877846391
0743419170
0345320085
0916856003
0373625634
0515095826
342504088
0140440534
0441007015
0399151850
8807015188
0312974256
0192833596
0345387813
0671537865
0345309197
8426495230
0590298356
0425174468
8474101085
0451201523
0590213040
0671698869
0330320017
0380807343
0743260953
0140621482
0380795973
0743483014
0440237556
0446612790
0441008232
0316969680
0345417070
0886774616
1507543275
SELFPUBLISHED
0749311800
0684837706
0449150178
0671010107
0393000567
051512172X
0553569155
3257213239
2080701819
0764226622
051513595X
0890876967
0609609661
0821772341
0671016792
0130206016
084394739X
0684195488
0515119202
3802527623
0870239333
0140249990
3406475914
0061012491
0684854104
3546003209
0140174664
3442088402
0761107754
0679445358
0385336772
2253144290
844803080X
3453123387
0553057324
0451207505
0340672110
0449906361
0345437829
0679773258
0060976845
2845654839
0451159837
0698111435
0590026011
3442360757
0375725024
0440237068
0441814964
0393020371
0553234978
3499609460
0425141977
0829407278
042517736X
0515126098
0525265155
0525938575
0373292228
0140186522
1864503351
0553104624
0829409556
0385416679
0373652232
0140620605
0385497466
0446605786
0316154059
0060987529
0816729050
0679408193
0671718282
037542167X
0393318451
07440226430
0806903481
0451294123
0373483589
0553295772
0749390190
0099743612
0965589444
0060175532
0688112781
0425180964
0802135161
0553580531
0399132562
0722529600
0333574079
0345384687
0312244266
0316641723
0226297837
0684836491
0451204603
0451191153
0448419734
0395601983
3404145763
0452267838
1568360428
8804340592
0399137122
0345420748
881162027
0553379615
1558744606
0886777429
1573225029
0679751785
0440223784
044652087X
0451141083
0439488400
1558531564
8807813823
0373706901
0140430016
1850630127
0553582747
0805005447
0002156601
8425331412
0441000185
3442238307
078601525X
0345368991
1587883279
0140068961
0440200563
0373079710
0679722181
0895292432
0140620443
0061002860
0345341228
0805069968
0553213731
0446523992
0679454497
359613918X
0312203764
039914631
155817169X
0671724738
0471178837
0345341295
0553578731
0441003311
0821770098
0140235086
0440345715
0099774909
0670868361
0670840661
0842382496
9782226053886
0553803077
0373029500
033378054X
0786868120
0440237262
0674306880
0091627311
0671742884
0671657860
0446532231
0380455838
1578261090
3442447038
076530158X
0345339711
3596126835
0747552177
0380789825
0140350071
0345422384
0140178740
0440225779
0679766588
3492223923
0007154615
0061030635
0312275633
0805040811
8401370035
0060930535
0140067531
0849995477
0590632744
0425155943
0552146056
0312421001
0380018179
0440227534
848256840X
184018163
0553581287
3462031791
0060554894
0805067140
1098765432
0804105820
0140190430
8817113980
0767914708
1562461168
0060185074
0345392825
0747557462
0749396970
0060929995
0312267460
0345423291
0425151867
0440225701
0465060560
0453005284
8807013150
1565122208
1878424424
0770421156
1853260827
0670910201
0684853302
0156007479
1857236920
014043531X
0380708744
0061097829
0752826840
0786915889
0312966091
0684195399
8401570549
0446674826
0688165575
0449144763
3896021435
9727591965
0140469907
0767903196
0425093328
0517886510
0207162735
074322535X
0006479278
0393308650
0670912557
0553257382
0786864672
3548251552
8807810212
0060009012
0812523628
0812579569
0440235162
5040028679
0553280643
0446670251
0899194427
2070367622
0140440232
0440225345
0689711735
0553812173
8886456395
359613689x
155553046X
3404242254
1573228214
0425180298
0140620486
0061057649
0962855030
0380841940
8435007790
0553284983
8817852252
0440414717
034542705X
0446516864
0425132684
0345379802
055348060X
0515120456
8845918319
0747267685
0964487349
0345329821
0671851802
0756400953
0590629794
0553265202
0886777844
0345404769
887746691X
0394722914
0385140894
0060920432
0006550681
0140440224
193169690X
0064471047
0345305809
0425116840
0446403237
0786868015
0786808551
0679731369
044024126X
0292770405
044022859X
449223345
0141182741
044651862X
0743411250
0440212812
71908979
044667883X
0060977035
0393307107
0679724761
0553574663
1551667495
0380005239
080410526X
0002238464
0440209412
042512892X
3596119294
0590348086
014062080X
0312853963
3821808187
0316286125
0451515927
0552141569
0375707972
0553280368
0786701846
0373483325
0380805596
0786702478
2253147923
0312920180
1740596587
4446198229
0380723638
3404148215
0743464893
0812520378
0345423038
055328942X
1555036554
0399132414
0609804138
3404122321
0744882990
0893753440
0671025368
0744590078
0446615145
0786710691
0060173041
3423206209
3257060025
0140345809
0060167769
0385721234
0374107319
0785787828
037303024X
0393091465
0060921145
0886779766
3257227264
1571741097
000001246971
0152009787
71186005
3499132060
0345422589
2266120166
0816708525
0553570021
0440236738
3453303972
0399133909
0812566629
1889307092
0385720106
0553573314
0373227280
0552999288
0440509211
0140183515
0679419853
5601072409897
0060009292
0782128270
3518068547
051511801X
3426627132
0525942238
0345324927
8845202305
0763714224
0747278628
0140297235
0515111279
0446600660
0192834274
0451408683
0312966970
0060934700
0395363179
0446675059
0679781307
031242227X
0440194903
037322446X
155166416X
0440217822
0670843342
01402.44824
3404615093
042511774X
0486280500
0375500944
0060963026
0805209220
3442541751
0515127132
0671671383
0349113858
0140001409
3257205481
0060194278
0373079613
0671015427
0394576594
096542622X
0893757837
3442443482
0553289411
0517586975
0812534867
0553569783
044021985X
0312135297
0812550706
0671885650
01402.02594
0425058603
0140430148
038079960X
155046292X
0399146016
1861540507
0449005836
0449003787
O96815005550
0345338588
0373632258
0385720467
0399146857
0060086246
0446608122
0670031356
082543758X
0807070866
0385259956
1573220280
0425177866
006101351X
0399147195
0812543122
0800757114
0789722097
0451198506
3423126531
0552146986
0811813045
0312983395
8401476720
0515132187
2831523958
068484477X
0517141450
1400042070
0304345350
3442720281
0446605883
0020381204
0786890002
0525946896
1400031583
0812515722
0142000361
0909269309
0312853254
1853260916
0553212958
0553277537
1860499465
0446606928
0688084893
1567183042
0679442790
0743202384
0816317852
3746618339
0679744398
1580050719
887824056786I
1860468144
0553572202
0813520142
0385488688
0345259009
0060508205
351838242X
0399146113
0316693863
0394749650
0072121270
0345404785
0704381257
0440120500
0804108749
3596254159
2070362205
0694012432
0380001225
0553265733
0515128015
0060080841
038542471X
1850291780
3552048383
0006482880
0441001416
0671877240
0590025627
0571032591
0708821103
0385335997
1551664348
1590521986
0345382315
0743482565
0515117927
0767905385
1551668637
0060133740
0140116109
0385472943
0671679155
0671003745
0064400026
0263825353
0345430808
055305340X
0345446860
0884949885
0385475772
0821749609
3442422337
0316152196
0345382919
1551668297
0758203195
0192835882
1573455369
0671021192
0929239997
0771055676
9020276867
0061097667
0451207645
0553571931
0812570626
0316037443
0553562967
0439397448
0440378648
0345375580
0747557705
0425104338
0440164842
3404143094
3442358000
0886773520
01402.57934
0070670196
8478096322
8807811197
0440235774
038572179X
0380731851
0671721135
0380708892
0446364495
0671023756
0892966947
0143000047
0006132138
207036318X
0380710218
091122632X
0425133656
0552998192
0571176607
0553207083
0373025769
0312422156
0449006344
8811661129
3518022954
0826403301
0312287860
044920846X
0749395508
3442430879
0743427297
0060509554
0553565915
0743423615
1573227315
0240509226
0671689495
0749800424
055329461X
2253004219
0140253580
3518368427
1551662655
0395925010
0590877518
0385722613
0553240722
3453122348
3499143062
0451197399
051788433X
0060727535
043942089X
031298250X
0399151397
0312063679
0679451463
2213613486
0380713055
0676973485
0399148027
1895636221
0399147969
0786813709
0140177396
0669444014
034544695X
0449909824
0747254591
0449207013
8408023209
3468283113
1551669617
0671449915
325722706X
0449134482
1566190258
01402.54544
3570121135
8817872326
0140132708
0380804697
0439154294
0380792745
1573226106
034538184X
0884043789
0812584228
0515121398
0806931345
0743468333
0767903277
055327598495
0812543262
034059022X
2253154024
0743423917
0802135072
0804114986
0380820145
055214157
1565920872
0843945540
0525942939
0310226546
0439369061
0139483993
0425182703
0670834548
0425171272
0671451219
0385721811
070972093
0846702401
055356272X
0553568043
0060974990
0425183017
038550926X
0312283571
0375407340
3499222507
071411393X
0316769495
8845417220
0749395990
0312168349
0425125467
0875421369
0465091415
3404131215
1887923942
0892132701
3499231565
0525946284
3404148665
038550084X
8422631199
0872201562
1569751811
006109918X
1855853906
0375758631
0349115249
0787106127
1587491621
0670828491
0739429612
1885767870
1579122175
0440411238
1551667479
0449219364
0809224755
9516513380
9519455272
0070064563
0743418166
1555466702
185471287X
0375726349
0786890053
0765342510
0452280818
0375719334
3596259215
0553274074
1558743316
0446603902
0375502254
22401665
0441004164
0684161508
1555837018
0142004278
0375401091
3895082848
0553586122
3499121069
0061059056
0345419081
0909752389
0399150897
0316821497
0743203631
0449214265
0061097861
0345277740
3906542092
075001203X
0140434895
3442092981
8477301735
0553814796
0786885688
0446400335
0812550358
067101420X
0399143661
0446390976
0425189864
0440404983
3462031287
0553351397
0316316962
0066211484
0451190491
0385424728
0865474222
0312286910
0836268318
0684816059
0380014300
0385480318
0452284201
0679772898
0749313218
1571742859
0373227124
051512723X
093569692X
0130979910
0006472710
0670030643
0440241111
0553155601
0312195826
0156628708
0385494246
0671553046
0380724332
0061092355
0743412621
0865474273
0140366296
0804115761
2070767108
0061096105
0446609021
9513096599
0671656406
0821723243
0697391132
0312953259
0340734043
0061095869
0345365933
0395664136
0684844001
0679425136
0312960344
1853260401
0373224680
7800054330/10
0375703845
8476726945
0394743121
671210572
0394571029
045107372X
0195135156
0061040282
0060007192
0385332963
3404100263
099727404
0380816555
014029628X
0099283417
0515110744
0451524829
0440218039
0965037104
0425162443
0812584252
1560542578
0664224199
0684869985
0446523569
0679403337
0789473631
8476280556
0380750252
1570621608
0679412956
0586214976
0525481680
0349107386
0618126937
9100569631
8807810786
0375502912
8804478586
015670160X
0974068004
0425140032
082171323X
0345404459
0671027344
0385489056
0515104191
075150856X
0061040347
1569472610
0747406472
0425083837
3404129407
006018552X
0446609404
1576737489
3518025813
0440514428
0446912522
1400033543
0553089218
0373288190
0394404289
0849932017
0671026224
0142002461
0671549170
0671004565
0671024183
8420646024
0152022686
0525937218
0764221973
0156586509
0060557818
0449146030
039304016X
0671873199
0064471063
0140297162
1887368256
0060199652
0099410869
0385333501
2020253801
3442301033
0380002930
8422668947
0061030643
0842324518
0679768165
0718144538
0864922108
9022509168
0571197639
0679737383
044023719X
0345383389
0515114618
0440219078
0439129087
0449225151
0743407385
0553103946
078688813X
0399507760
0821762818
2.7436.0944.3
0440211891
0767915747
1894012003
0452282152
0439082145
0671007696
0385491034
0486227316
0553208799
068483751X
8817870935
0894713477
0451160312
2.89021.602.0
0345412966
0752815423
0671795988
0515130974
840157059X
8484501531
0140012466
0553267604
1588720756
0307119750
0451198638
1587611155
1853917362
0380703882
3596114446
0446609390
0743422082
0671702491
0399141146
0756400627
0684815451
074342851X
0425061590
8401371783
0380798581
034544325X
0671890816
0525945725
0316780375(PB
0146000595
1558022023
0743226356
0671711172
0743422465
9146175962
0451138945
0552994944
1878739271
0451521943
0893759945
0684862352
0006514219
0874776945
5264003645
044922046X
0373484410
0312980159
0671875396
0553568701
8846201671
0449208672
0553560727
0312322755
0060161744
3612212869
0373764170
0312290659
0609608738
034543241X
0590406957
038081644X
051513287X
3150083575
0373652259
0060923628
0373482302
0552770876
0553278398
0515092436
0449223663
3462030531
3453002229
0679747192
0349114021
0020449313
0967959179
3123513807
0340637676
0876808119
0446610038
0553293168
0805006036
1878424319
068485192X
0747267472
0380704307
0373194749
0749318368
0671023616
3453138996
8878185442
0312254164
0152669086
0688114601
0375505458
185326024X
0590481134
0671014188
0679439382
0316153915
0553574604
1558744630
044652767X
0440122147
0425044009
0141000368
3257211252
3499203758
0786817070
3548601170
0312965095
0500510776
1580050662
1564403750
0553284673
0060927569
0749397969
0349105227
0804106126
0140274987
0451451155
0517706814
0399149295
2743601094
0679723439
0393037606
0380762587
0671451200
0312099266
0892290021
0345300203
0684803143
0345438183
031225346X
0590511599
8845205118
0684859475
014027927X
3548601359
0446358584
3492260292
0749324740
0380718227
0385422938
0812505026
0515134384
0451410947
0805070028
0439263271
1853262870
0425152251
0373872127
188559304X
8422613867
0399145087
0688171664
0091840325
0439228913
8440605935
0345469674
0732259401
3442309174
0786882212
0743457943
0756400066
0440207622
0312291639
0563208309
0385319673
0446607916
0330411675
0439064864
0762415924
0385502745
3548357563
0395908078
0743403444
0385474016
0373273312
344254162X
0440487617
8872031745
1842323008
1558533265
0792279611
0684835355
01401.18330
0385420951
1560760745
0441006000
3518372408
0061013315
9793016191
0743224914
0060096195
0970141947
0440237688
0671606859
0743222768
039592720x
0446613053
8573022876
0425181901
055299619X
0099441470
0006717659
1860497799
0671828029
0553278002
9137112899
3423113634
0312100086
1580510965
067972575X
0670878847
0812969812
3497007498
0679886877
0380730820
0446314986
0553258524
0373711816
3760586104
0375705503
0552138223
1565041992
0451195663
1562920960
0713723076
0425172546
0373288972
0965000703
0374148228
0312866151
0786884088
0316781460
0609606220
1568654928
8884900492
0425120279
039304856X
0553813021
0451194004
0345380533
0060929693
055213144X
0062506080
0375727345
9735731150
0061054143
044100850X
0345412885
0061001023
3596224284
0394527631
0679720561
0345444922
0553576976
0452281679
8817113484
0679431764
0373226403
0060096209
089480829X
0440415748
0062514350
3426004194
3809413747
0399143939
0671015842
0671028162
0451821971
0671014196
0743204735
0201622378
3548254152
0679401431
0553568027
1552671372
081673741X
1903809258
0806975695
0060196289
0553382063
076534193X
0892550147
0312282060
0747557764
8804427450
9721029629
0440211697
0451170113
0691027951
0441758800
0553298178
0385333412
0140119906
0425158551
0375725601
0804102902
0451192001
0440212685
055380247X
0553211404
0373709625
0345257162
1858910684
8434590425
3518366823
0316082775
0133176789
0151005672
3548364861
0771099886
0345361792
0892967803
0887306403
0375505547
0812576438
0156006103
0525945121
096130992X
0684874350
3442446422
0425197220
0749395699
0312983700
9724110990
0770429033
0345441494
0312278586
0515097500
0060507403
0912020415
0553284118
0330367358
0486272745
039331393X
0312925271
0515090166
8845229041
0451457730
0679446265
0812589505
0553268880
0060191384
0452282063
0425176045
0060959541
0752999958
0553296604
0446679364
0440803098
0060163747
0380715937
0312311338
0345330706
3442411408
0380791404
1563707357
0452279259
5607727041153
1559705051
014010870X
0451525264
1869413318
1569471568
0446610399
0671025694
0471526525
0330298739
0060187271
0553109782
1559637994
0380763095
0590420356
0679777423
0064402754
3492235247
0394535979
0399144048
0684871599
0060191538
0679409874
0679753796
0886776228
8426571344
0860681300
044095777X
0679419454
0771055706
1551667835
0393040135
0393318435
0590401297
0451524497
0525481605
3257060580
0140386351
0822953285
059087764X
0750005815
0141001682
0886774519
0425165582
0435123904
0060973323
881711359X
0373250177
0586212345
0890432058
3492225926
1552782506
0312272057
0440225299
0892812729
0380012863
0743460529
039914210X
0312316690
0446530387
0140149937
0590411136
0440220424
0553213504
0553812505
0590462261
0441218504
0821766945
8422666774
0375826688
0671617028
0140003185
4884630815
0449206181
0553813110
0425193322
0590447742
0425147363
0375706410
3596118492
9022521788
0450488357
3920317386
0312422911
0312932081
0140814361
3548603203
0446363383
0425193306
0517336472
006098824
8878192961
0141301155
0671878697
039952438X
0826412769
067941973X
0671038184
3446153578
0671027581
3793604500
0848705459
039304064X
0805059857
9516432026
0385486588
0439219620
3453177452
0345317718
0345382323
0345349342
0385721676
0451141296
0345455207
0201541998
0006493130
0525037004
0679777504
0670865796
1562828991
0007624611
0373760493
1890208779
0060192801
0345434498
0375725466
0451523709
0679417796
0060915943
0440295912
0375759778
044056428X
0440415632
067174559X
0006722253
0842329218
1573221937
3499127709
8433917951
1853262730
9895550138
0446522597
0446519650
034543885X
0345450744
0886802946
0515099511
0842355715
0525944001
0684865459
3518374540
0374528373
0874772095
0140268006
0425161722
0440223814
0201557037
3404118960
0380812916
0743225406
0345450175
186207481X
0590454021
0446676489
0747549559
1853914592
0451208765
8478444211
0671758721
0060917016
0515124621
0345433270
0553444972
8425329639
0140233903
0399139710
0814459692
0749324392
0373054378
972662410X
0671003593
0515131083
0786014814
0553126911
0571069134
0300069200
0446602930
0684181908
0553583867
0451452682
0373292643
0446308005
0385604440
1559705841
0330232827
0451193008
0380731185
9189380096
0451175123
0446359866
0971880107
0394824725
1891620428
3518376764
0877889198
034540498X
0684717255
0684836602
0380710897
0375506276
0385505833
0671868691
0375752528
042516098X
3499150425
0515093491
0451526570
0894808249
1401351913
0716740176
1569014914
0439425220
1551664380
0399142452
0515093025
0553265520
034545071X
0312266324
0515122734
0345313135
0840748558
0375412557
0785315926
0340261951
0689316844
0871138158
0595204589
0590568833
0688172172
0965693015
0449909476
8846202864
0312181213
2070392619
1582900493
0618002243
031298166X
01402.82025
1558506462
0806518561
0689841140
0753804700
0695808109
0330487612
0312265867
3442451140
0451453824
0708848451
3886195074
0312989385
037329221X
0425174808
0375507493
0552995843
0399148701
0064407691
O312289871
0767912950
1400031362
0446679593
0449911659
0812565185
0312274920
00820014
140003065X
1551668068
0375758623
1856261824
0553580515
0440241073
0688065716
9836205527
1550651382
0743204700
0810931362
1587494124
000716226X
038049163X
0967032253
0440226325
1400031699
0553349481
0449236412
0590322974
0446519804
0141180633
0451524764
0553252526
0451409957
006016848X
0609804669
0140256172
1557091005
847609549X
0345318056
0743426967
1857236238
0312951337
2253150711
3826820800
9682100399
0771099894
1567313736
055299703X
1889330590
0875420281
0451200985
0940322471
0451166876
0425089886
3442451671
0805055460
0060934719
157748326
0684831279
1551668289
0156711427
039452764X
0449907481
5050002893
0375409068
3442540305
0449213358
0590298372
0330244078
0920633641
0684846462
0890842795
0552994928
0806922583
8804450711
0916151778
0440228654
3442241707
0345389409
1853260266
0060987634
0373483546
3548301827
0671720414
0449218422
0399133844
3378010649
289261340X
0312317808
0345422473
0061020052
0671553860
0912646977
0553348973
0767908171
0515034924
055356983X
0060505265
0141312750
055334949X
0967511127
0743219287
084991759X
0449212742
8433969978
186207044X
0830714596
006447187X
3453161270
0688006485
158749230X
0007126972
0380818973
0679726012
0800755499
0399141200
055327533X
0345428544
0312423799
0679436146
068486441X
0312319754
034539643X
1577940040
055313972X
075221912X
0385721358
0811808424
0967883806
0441000312
080506284X
1862042209
3426195895
0679720219
0395353416
0688095259
0140430113
044155282X
3720522776
055358135X
0136174248
0394723929
0553208845
055329802X
0385298749
0312305060
O8495712555
0553569945
0440236010
0750015810
0385315287
0060972785
0099743914
3746614007
0553251759
0307295079
0590568973
0609801864
0739420704
0061061778
0449203794
1885223064
0130273635
0747561516
3423205512
0786889608
0060522275
031299353
0441003273
0374525641
3442359155
9724110656
0883965410
0760733724
0375719180
0140025146
0385265700
0786916052
0553380478
037571412X
0061097470
0207159955
0380719185
0449220982
0671742760
8420449350
0393314804
2253139467
2842630858
0425191729
074343627X
0898154928
9727722458
0425191583
0515097039
3453165144
0449222276
067942573X
0886776821
2842614062
880781403X
0385502761
0743458214
0441008658
0553582321
0684868768
0440217989
0590021230
0849916836
0006512135
0451203771
0451099664
0553270222
0553250256
0671011367
8804495405
0099479419
088479009X
156718636X
0452284503
0375755403
193156168
3423702982
0451174828
0783502060
0385335407
0743407865
0972475273
3596275040
0812509463
8804400102
0590429094
3442453259
0684839296
2891119835
006009527X
44005853125
0380816547
0316031313
0679450041
0449211681
8466308687
2264031212
014200006X
0812927362
9728436300
009918432X
0698119177
0679460853
0446609838
0618129022
0618045678
0553582933
0345350499
0684864843
0909752281
0811824918
0679430946
0316488399
0449147851
086547642X
0312867778
0345369335
0786889667
1862075964
077109860X
0425121259
0743444043
0141003944
310043207X
055357289X
0671746723
3896021419
8887765928
0261103253
0345348109
038057893X
0688067441
0345413350
0380564998
0060172533
0345396812
0312143761
0151157871
0786886994
0375703047
1551669293
0451182006
0552997889
0761521941
0380817624
0929239172
0840734115
0399138676
0786915749
0345352238
0441009972
0886776376
2266111248
0312864051
0684846225
0515121495
0689317204
3785709870
0140430725
0452282195
0552143014
349913358X
0140088075
1865083348
1931561346
0812504429
351838399X
0802115640
055321330X
0399139540
0440212375
0061099341
0192861948
0671038443
1550223968
0440203856
8437600723
0310200156
0345347536
0764224530
0440126711
0312986769
0609605143
2266022504
0140123938
0871065274
0563537329
0749308966
0380801574
0553581643
0061099759
840802194X
156619315X
0425129586
0971304599
0310211883
0486243451
1555834531
0425192938
0679601686
0676973833
0553578693
0345319125
0451210638
9724112969
0345426061
0060932856
0679732241
0533142741
0425186857
0140184325
0876859260
0887308589
038000321X
067976402X
0553194747
0310218624
0140260404
3442456541
0515090506
0451527976
0451411129
006098824X
1560250119
0743418190
0553107941
068817776X
0340770015
068803196X
0842329161
1585420360
0553565222
0061032077
0425179672
0553202944
0340680415
0300032781
0679761802
1858135117
0380973464
0679454489
042519485X
0765342928
0451163532
0451193318
0007151438
0394561066
0316789089
0842333665
0316777722
1558747966
0140150900
55308500195
0393321096
0316955124
0380730413
0770428223
0451408470
0671655825
8807811804
0451511328
0192836714
0375504613
0451170822
0312420315
0836213076
0062512900
0449911446
0316812471
0889682666
1556610661
0812571770
0812517164
055323336X
0060957328
034543448X
0553239805
0688108261
0786884622
1573220183
1578562325
0399148876
0156787326
0553582127
0802139183
0449221431
3492222730
1878067346
0743443802
0316535885
0671656090
0394559541
0312267363
0374523193
0676973094
3517075965
0843105550
0842302697
3442410665
0060184884
0380750899
0385495641
0688161073
0590109960
0671867164
0816704798
0446395307
0295976330
0345389417
0140086838
8872852951
0451188454
0449005615
0743442245
1555837956
0375501290
8420670618
9722512382
0425167720
3453115937
0373708556
0771086938
3257224923
0006476589
0451209435
0671726668
1580620477
0061083151
0446530239
0062516930
0375414673
0140075577
0373632118
0764515489
0140187650
034538038X
0671776800
8807811863
0812524012
0345255577
067172035
0451182537
0345402871
0446674249
0920470424
0399144897
1561840033
0446516538
0316115622
0060900075
0375708278
0345348656
0722175051
0316666335
3462032267
0373764243
351802115X
0375706062
0345351525
0821728237
0399144137
0394744292
0553573993
0345419677
0446672211
0399525254
0515136565
059087585X
0393039242
0679452931
07472661666
0345442458
0385605196
0345348036
0060168900
0553271369
90100222323
0446611212
0425147584
0140280464
0743424425
0373226373
3518380206
0671528904
0345413369
0553572040
0440201322
8408041770
0684869489
0671774662
1401900844
0804108293
1574861727
0778320316
0679740074
0380753006
1858287197
0385248792
2894641982
0441009425
345305637X
3729600508
0345423135
0723261423
8466300651
0345286863
0449007383
344243386X
006019622X
0060516232
0812584279
0061093580
0451524934
3635606316
0399134204
0486404277
0006474950
0316693251
0060173076
3596259282
0375727132
0451523695
8876925090
2253143618
0525937021
0684863472
0552124753
0886772273
0028639367
0894717960
0553125397
0340766530
0441167268
0451185196
0446607665
0380806460
0316098442
0590433881
0765301571
842395918X
0312952813
0449217213
034536676X
0679426140
3492227538
3894250291
1579546463
0312890044
0345387805
0962182508
0140481346
0679736360
3499231913
382180260X
0786708395
885152033X
0679311270
157566691X
0312962991
0451525647
0140430822
0345461967
0590634275
0340819898
847386297X
0553584510
0312995423
0505523140
0316095133
0764227009
0843943025
067940693X
155734678X
0590409182
0836135474
0399149783
0505520680
0553295977
0064472272
0451174976
8420646040
0345386558
068481580X
0671532642
0373218400
8881110199
8484332675
0394744543
3596109744
0061011339
0843942606
01406.2056.7
0451126661
0064442055
0786011335
1572313153
0345367650
0802135196
0425194515
0802140122
0525940634
8497594746
0552148407
0676972411
0671023225
0446607193
0679745203
0743212614
3502154953
0786886366
069401236X
0316735736
0312195516
3499134039
0425175030
8486478030
0440235642
0765343436
0312979452
0515134368
3548225624
3706407563
0345402855
0553562576
0345306384
044022103X
0786862270
1852423811
0679447156
0749302291
0156029065
3442720451
037371176X
0689711816
0816725535
0425162788
0373835922
0553257749
0345415000
006099486X
1559945907
0446677965
0006552323
0671705091
1885211317
0385336179
0553234811
0553106244
0671720368
3293200575
0679742298
0446356875
0812967240
0099269473
0920985246
0060987103
0380772469
1559720913
0895770601
0553229788
0684867974
1400030773
0552996181
0394870239
0399136738
2264029617
0316284955
0312195443
0312253486
0965045019
0061032042
8401561663
0684862743
034545197X
1880032422
074322454X
0671525832
0233987797
0679781587
068480087X
2264018542
0440201349
0448124629
0590448846
0679448586
0446363251
847844422X
0451201671
0340743689
0352313676
020154329X
0451148207
0060191961
0312198833
0380804557
3257215444
1551667940
0451458486
3499227320
3980439003
0964311909
0773761551
9070168081
0064400034
0553492756
0688128610
0590568795
057500150X
0440503647
0099422042
0880222433
8804508019
0812568850
0440211727
0380791986
0316693707
0099218216
9511095943
0791426785
5885540098
0446610100
0517093294
0676971946
185828435X
902952121X
0765342219
0679311831
0060086637
0380868768
3257227809
0446611921
0345453425
0671028367
0812517725
0671742515
0064442659
0691016194
0590334859
0373764901
0785734783
0380789035
0739409301
0385334419
0752848224
342662382X
0425157180
0553801929
0743418174
0749397543
3453189825
0061098795
0425169855
006097771X
0553286285
3492234046
0061043559
0684829975
0385335482
0684825910
0670878812
0345357183
0385425767
0812566653
0140179836
0440108454
8844011626
0446610542
8811583373
8838913196
140003339X
0671521519
037572737X
9024537533
0671020307
8433910353
0884042839
0451158814
0452283957
0767902025
0385311044
0861888952
0373226330
0316690619
9171193596
8571641145
0898156270
1572971509
0747235341
0140271791
0679423664
0156001942
0870212850
038072118X
0553260111
0446531332
0830819096
0373222998
0553347756
044661193X
0445203366
0553107240
0345435036
0373250479
0140070206
0671690094
2253150150
0374372780
0451138775
0441478123
0312401655
0380716542
0446610968
0676972217
0553286390
3453868641
0812545397
0345444000
0451192249
0449005909
0786889039
0375701214
1551667827
042517817X
3257063067
0142001325
0553286587
0553210092
0515117617
0380727617
0671697838
0515118222
0812551486
0446606979
3453206606
0451628047
0590486470
0743245423
0394286448
0684859041
0062548549
8440696302
0671670913
0382099931
0380010763
0671010212
0380777665
9158202609
0060177594
0140443878
031213326X
0316666343
0312962703
0679729461
0743466527
0440224705
0553107755
0786889209
0933201141
0140059571
1590230078
0300057350
0434009407
0425051811
0553289721
0789719274
8845917940
0385314744
0812509439
325720342X
0552143774
0451184726
0441005489
0425122123
0449214362
0771079400
0847462544
0919591051
0575034831
3453150228
0380703890
0140120831
0140263454
0440428130
0553285920
0375700293
0345418794
0030512379
0140622217
0310501016
0380676524
0586090363
0340767499
067941603X
0140042598
067102423X
0451125746
0425119920
8817134899
0312980345
074931088X
884590184X
0451161343
0671525751
0915811898
0060938455
155583227X
2253139459
0679775439
039304694X
8876412867
0886779308
3499125803
0743219333
0375509283
0670892963
0425115801
0393309282
0446612731
044021873X
0679427430
9992225319
3499137534
3442442923
3499428016
0743411323
0691005141
0345374568
0812565754
0316154601
0965512509
0140131558
8477301727
0743518152
8475968651
0441585558
0552131059
0394423348
0373834926
0671867091
1853260045
0140073868
0764222325
0439295017
8408045121
0380817144
0061093491
0394825926
0968420915
0316693715
0316779989
0553568728
3857913177
0312421036
0743206053
1570648417
0380804670
0553284363
1879678012
0452281202
0451454243
0375802517
0451451430
0099386410
9722319345
0439164567
0380765349
0312152175
2070368823
0394587863
067121001
037387216X
0916856186
3442001803
0553579304
0446612545
0671024248
0375507523
082177462X
0771052855
038504285X
0425190080
0061093890
0029283752
0241141346
0743246071
0451204514
0060196092
0380729105
0878572007
3442124875
0345305833
9794333026
0517162717
0609605941
0380005166
3499221896
0312958641
0871401193
0765344912
0140441921
0553802496
0440183057
8486433347
0099196514
0375701524
039914563X
0767902416
342362017X
0380777312
0446606383
1573221716
039914465X
8432216097
0770425240
044098761X
0399147888
0939007770
0771064004
1865085367
3257201303
0961931116
1857232739
0399147632
1878424114
0449150046
055329301X
0515132020
0874776538
0860682013
0964631601
9724120600
0446601993
8433920995
0440413656
0786813431
0740706721
0006542379
081297106X
0345285549
0911104216
051511264X
0671721046
0816722595
080411109X
039914501X
0441001130
9997520858
9132115296
0771006675
0525947655
0553276859
2213594031
059043053X
9727114962
0385477058
0440221315
8817844810
0064400042
0380728273
0747551529
0517703491
0446829773
0517556278
0316153990
0312906013
3442456215
0006530400
0380976021
0380765454
1582342393
0553801228
0812584236
3550071507
055307301X
0552140287
0060809833
0934411514
0813911095
0449003701
0671704664
0452283868
0380809362
0670852945
0679432477
0671660403
0446611085
0399143696
0198503806
0618231617
0805016287
0553581821
0552995495
0060931841
080411918X
0375705619
0224046624
0552135402
0553239929
0385285019
3426666014
0140324364
0373709722
1592330770
0961940166
0141185066
006019393X
0345443128
0060933151
0312971362
0441715923
1568651880
0060168013
0679443746
0894716905
1884419410
0099062607
0425193721
0553051024
0785263268
0064406474
0770000177
0449213447
0805063897
042518630X
0679742581
0805036504
0380769344
0375413596
8420646105
1555520421
0446519081
0061099708
067417948X
1558743804
0312971397
0375760911
0385333366
0671434004
1575400324
0440242002
0373218036
7800053865/10
0446600466
0553212168
0886779464
0399148728
0006497136
0380756803
0671736795
0812991060
0340640146
0553106651
3499423839
0896510026
067172939X
1551666839
0743244427
0553582658
091336715X
0743412796
0863698662
0452276322
0965365301
0553144286
0773503498
0552142379
0399141065
0671787454
1856197166
055358068X
0446604135
1558745157
0380977427
0140055770
0060542128
0425188787
0380977788
0679438890
0373243286
0441342752
2253006777
0446678457
1931561370
0773733078
0679735259
3426001934
0743456866
082175856X
0671001795
3257200307
0140177388
0241125898
8440223617
0671694758
847634094X
0394569873
0671701231
8427023014
0786867647
0395653738
3499193922
2226093311
1583754334
1582342644
039440062
0451408497
0452282829
1576734137
2070392627
0970851715
084232920X
1558744150
0586044841
0515133310
0060930535.
044900371X
0517703963
0060514930
0451192176
0917574208X0
1577311191
0061054151
0553574671
3257203683
0743509994
9506142076
0312951698
0345337662
0061020710
0345356365
0771086873
0425153053
0399526307
0385014856
8485543505
0515134279
0316739693
0425062422
038000917
1559585854
0439137373
0156007371
0671046160
0439043638
0393014894
0671868713
0743430344
329300301X
0330323407
067086014X
0440110734
0374208603
0553574086
0804119996
9058551954
0446612812
9146180117
0393312801
0767901843
0345345053
0922915008
0060512822
0375726403
0688174035
0062515845
3442726328
1561794643
0060090367
0786881402
0679783342
0385750293
0843946784
1551669161
0786819146
0140622179
0394223802
0520215745
0374260869
9725752228
0060976306
8401492238
0440236819
0345391802
0886776651
0684873230
0671011308
0446314242
1854877097
0394546687
3453061322
0671731378
0373217323
0061099732
3150098718
0060176385
0773760482
1582341656
0811202054
0380800802
0373218753
0312950934
0399134883
0425119653
0312970129
031226996X
9023439104
0812579453
0895296683
051748904X
0684815281
0440180295
0843946822
0399525270
0835607798
3492230601
0679864415
0942802799
0440130220
080410882X
0586063455
8401480019
0451163486
0451517849
0786866586
0330282522
0670891770
9783489942871
0930100638
0425191184
0373652224
04500567890
8806149482
1551661799
0345311078
034544177X
0812521331
0312263996
9176435326
2744104000
1557483469
0764227831
325706246
055214410X
0441444253
1551668459
0140443150
0767903862
0380789019
0316955132
0751528498
0684834154
0141310952
1583224939
0671010204
3453189310
0316548189
0812551796
0156907399
0679450548
0452260116
0782126251
0553576011
0553573926
0446600709
1576731235
1841191477
0609601032
85.209.01484
0679426159
0399145702
0006512070
2846280266
0333653300
8495501473
0312422199
0060914289
0743428188
060980801X
0684840006
0140620303
0451144198
038076511X
0679457526
0786868619
0812971043
0140368558
1551991012
0380475308
0440220734
0736045430
088061430420
006440403X
0312978820
0440122090
0007113730
1561383074
0312979479
0385503385
330246305
0449220273
1563892278
0671009168
0425142876
0517084791
0441007090
088038901X
0843948302
0708826571
0553578022
0553106724
0340658142
0060392452
0751501999
0140232923
0822953137
0373619316
9722329359
006102063X
0316569321
0864426089
0156027321
0449901599
0312310439
0747233977
9505156014
0590227637
0465020755
0671021907
0425091031
0764222244
1857971183
051512902X
0486268705
0684831058
0060654546
3499223899
0743226852
0330341634
0671028383
0679885307
0743220102
078948014X
0425185710
3401047000
0553277766
1576738000
051510566X
0312966806
0425114236
193011043X
0380699222
0316779237
9724119211
0385720602
0380705192
3442451205
0684835983
0312998368
0330330373
0446607339
8401462835
3810502553
0671023764
0312283423
0316683287
074344261X
8807813998
0786866845
0198601395
0345450698
0316969443
0449912558
0688166067
0345457374
0809293242
O8408040294
0091835216
0373261101
0778320383
0446364622
0207152977
0425158640
0060002093
0515103292
0440217466
0061000388
0440901588
0446600253
0060987561
0425153975
006054564
9780452264465
037570440X
0446356573
0451205162
0446520802
0330287656
0394494156
067175145X
0920668372
0140049401
0373032676
080410753X
034531266X
1573220167
8440641583
068982288X
0446354732
0871132389
0451198239
0688094341
0553289691
0749396660
067152549
0373291620
0465030327
3499230739
0486270513
8439508174
0006543901
0060007575
0375401598
0440343194
0140481389
0434003484
834905868
0886778905
8870267709
0452283035
055325233X
3453088123
156529808X
0895264501
3423071516
0345384369
0345323440
0575400188
0669180955
0521314526
0399522425
0380816253
0782901379
349923324X
10987654321
0345459202
0571081789
8807813025
0553280341
0553117467
089254077X
0679779159
0743201116
0752813366
0806942525
0679429220
0771058853
0800718372
0399148787
1878624458
1865037605
0061031844
0771085494
0345425707
0749312475
0140317937
0688174582
0345330692
0446677450
0375406530
0452266564
0786906472
3442438799
0679879242
972210277X
0836205057
1579542360
0312113420
0446310786
2080666487
0140620125
3257224451
0553263226
349943296X
0330486942
0451173406
8804464690
0060012897
0345335406
0553292390
2859408517
0743224574
0451207521
342312881X
0124096700
0373029772
9132323506
0441006582
0786885238
0451205081
8809017528
0679745653
0515130389
0441711456
0142003077
3499114887
0440226104
8439834640
0446612766
039571091X
0688046606
0849936438
0330250493
0140132317
0739439170
0517703254
1576750043
0590298364
0521389380
0965970124
0452269571
0312973055
0743216342
0312978901
0671890085
1551664682
0609805665
0140621040
0446613436
0375758518
1567312667
3596224888
0425100650
1841211613
0688177859
0195053508
044922368X
0380822970
0743235460
034064026X
1562055259
8830411299
9782702478479
9020626590
1551668394
0141181222
0425171299
0671789422
3492041566
0399146253
3453190041
0373117051
002026478X
0394410459
0451410386
0679731148
