=== mathematics ===
0312995423
0892967994
0381999866
0763615382
0312263120
048627263X
0875426638
034540002X
0525244581
0679720200
1570624380
0425176045
0312871996
0452283248
0316358452
0064472795
0451625781
0590477625
0590457268
0385492243
0060294655
0345314484
0380782340
0130197289
0316358460
0590692119
0061065722
0486277828
0140094296
0717282783
0822053187
0140443487
0671738674
068482681X
0747260214
1857026691
0806996676
0375762469
0691025258
0590031686
0156226006
039332365X
0877795053
0934034222
0534586171
053458618X
0515137200
0691033900
0971004218
0380802945
0806913533
0812090365
0764122967
0155058835
1853753378
0671021982
0471852236
1577684079
1586104330
1858683157
0253211190
0060410337
0679601813
0553493078
0553234412
0395137136
0590480154
0764104829
0878309837
0380808625
0812967607
0812040473
0822053020
0801066808
1566891396
0192880721
0802449263
1929749007
034542266X
0765303671
037550351X
0764116630
0764550500
0486205185
0763710792
0393047857
0719572231
1567185096
0306812835
0316117412
0394749308
1585670898
0553119095
1857584139

=== physics ===
0441783589
0451525221
0671021001
0743213831
0345391802
0679743464
0066211611
0345386256
0553377884
0812550706
034538475X
0316639842
0375504397
0553297988
0886774268
0886774012
0671026364
1931561648
0553380168
0553213113
044915002X
0345430786
0553564943
0515126489
0345339495
0345404319
0553577778
0452279607
0743456378
0451628039
0553281747
0812540239
0061059048
038079439X
0061092193
0671528068
0425177351
0440206146
0451160525
0671000314
0345440781
0440224071
0671660632
8440668058
0812532597
0836218523
0684873052
0553298046
0886777208
0886774829
0553268546
0345303067
0380726254
0375708111
0449208648
037540600X
006028644X
0553293354
0870540947
042517140X
0312954425
0671794388
0441110444
044098761X
0312930372
0688124097
193151464X
1892213680
0886772540
0671039296
0671493043
055321358X
0767908171
0140481389
1400047609
0441006981
0679768114
037581356X
0863273009
0446613150
0261102656
0767900553
0140621458
0375413022
0826206972
0195125886
0631159282
0590463969
0743464117
0060952768
0743437322
055329802X
0671658166
0399143343
0345428595
0553574140
0553578820
0553575171
0060931582
1570627401
0375714596
0553346148
0886779995
0312069782
0517884410
055305340X
0671656538
0441023614
0061054917
0553267604
0553245236
006057559X
0679420088
0399128964
0679745793
0439518490
0811818578
0345419634
0345430352
1842550535
0205353908
1892941589
0738206792
0061056480
0380710277
0886778182
0142500372
0345297679
1558743391
0553574736
0452263174
1571458506
1583225366
0345418913
0142437336
0505523809
0743406966
0802775926
0671701606
0440226821
0345465296
0345379187
0849917905
0345391101
0375411453
0262240319
0425115860
0786926945
1561564842
1563411121
0061050466
0679438416
8423309584
0451151534
0446973505
1591823382
0613044991
1591823390
0553111639
0307240770
0064408698
0735202001
0020418604
0571170498
0575073659
0684845946
0451527895
1557783500
0892132809
0743449150
0671866524
0312868049
0671242709
0971457646
0789460440
1555971695
0753506440
0671042718

=== biology ===
0449005615
0060929790
0812575482
0385337639
037582345X
0451526341
0312963009
1567184294
0590687301
0679893105
0553579681
0312422156
0345358791
0345370775
0517006456
0345435249
0425161242
0553375407
0553579754
0671016768
0590109715
0425155943
0590762613
0812580354
0345404475
068484477X
1558747109
0060199652
067102440X
0671024426
0671024396
0451457811
0449221032
0449227421
0425119653
0743454146
0441009239
0743400771
0060269928
0452283442
0553106651
0440114330
0061059838
0441885691
0936552034
0452277507
0425192733
0679762671
0812570758
0679879242
034543739X
0440418321
0425107469
044021985X
0060391626
0449217264
1878424483
0679723110
0061050946
0441003389
0425154882
0451457730
0886776686
0449215571
0446523089
0192815970
0812509250
0752853694
0590880780
0553279718
0425113884
0757300243
0061096156
0312951469
0345448820
0439284031
0786889209
0345450051
0743452631
0394504321
0812549872
074344485X
0446605158
0441205666
0671032577
067174142X
0812574710
0345387791
0380707063
031294165X
0671624121
0446610968
0886775795
0425155188
0312993544
0553279726
9681501225
0451146077
0553572369
0345272013
0553573357
0740704818
0061059889
0140505393
042514898X
0380779765
0671016784
0689843372
0375412328
0553564684
0441009468
0345461967
0375502319
0060937262
044100797X
0152567089
0380015811
0439106753
0140266712
0590436856
067100316X
0440167787
0345377966
0553273906
0553268899
0679457143
0340786051
0345322401
0812505158
0671878484
0345419383
0740711318
0385333870
0060936517
1567310079
1853262226
1559636823
0140047433
0465016065
0671799657
0843950757
0756400163
0446609447
0441382983
0061056243
0671722069
0446609609
0393308197
1585420069
067103300X
0936896787
0670866628
1853262269
0552147435
0671018353
1411603222
0590486802
0966760409
014250047X
1932234063
0886777992
0679763996
0060952288
0142000531
0689824254
0425183009
038547458X
0060503580
1878257749
0426202023
0689716826
0345457838
1593080778
0439284716
0895262762
0345388186
0140118861
0689852223
0505525763
0689820402
0756400759
0064404307
2080710044
3785536763
0439115205
0345406850
0877287783
0375724583
0764553267
0774031999
0679730613
185326153X
1576732398
0553138251
0307240576
0812520033
0812575741
067960166X
0345421426
1556615019
061808357X
014012991X
0671888250
0316526916
0192861026
1560766271
0440237815
0534551823
1857239881
155553354X
0895941228
0752837338
0886777267
0525461663
0967725518
006440434X
1560449179
0060280050
076534324X
1588370054
0446607584
034530876X
0811800415
0380784602
1857239865
0679424105
0930625765
0688134181
0671319590
0764565451
1858813964
189081749X
0140555528
0786840013
078681568X
1400049628
9500820196
0884041948
1556615094
0064461769
055348768X
0553487442
0553487159
0789477645
0812570243
0801853001
080502557X
0375415467
0679600701
0060531800

=== chemistry ===
0061015725
0553208845
0345413350
0066214122
0440972329
0812551702
0345459679
0465026567
0380728613
0451456408
0553573861
0671019295
1853260908
156282144X
0688096956
0440484332
0553297090
0140620516
0886778980
0316778508
0064440532
0142003131
0670035661
0486206785
0440238137
0142400017
1567180868
0451160339
0345353358
0670841838
0812045998
0836270045
0471503819
0451410807
0590541781
3785534566
1570541345
0809228408
0886778468
0345418689
0590738887
0789406047
0809494701
1856979342

=== engineering ===
1841721522
0446612618
0375500766
0385497466
0345391691
0767905938
0385306032
0671027344
0385498721
0743225406
0425185710
038533656X
0743412273
0345438329
0312990456
0316291161
8401466350
0446529788
0871401185
0553211978
0679743243
0385424736
0671577727
0385335830
074346771X
0440216745
0060507403
0394588169
0446359866
0345347951
0767900383
0380017601
1573226521
0836221192
038550926X
0875420036
0141001828
0767914767
0330375253
0385334923
0141182458
078688214X
0786888083
0345389417
0425147584
0451168615
0312901437
0671729411
0553578359
0449911659
0679742115
0142003816
0553211439
088494770X
0446513067
0440222842
0440157587
0440129613
0451179803
0553274325
0345422317
0060152583
0446613851
0679435549
0440176484
0590691821
0345416430
0394589955
0679751319
0425132358
0440236851
0679785892
0312254385
0446364800
0515136379
0515127485
0684857340
0316910333
0385266294
0451525264
0965608646
0671729454
0671795694
0671027972
0553574795
0553212281
0425191230
0966961706
0385333781
0140437908
0836204158
1852426411
0671620991
0688111505
0670808652
0553574043
0873513223
0060179716
1591826969
0886773083
0451163931
0140150625
0385481969
0440235421
0440212812
0143035002
0553295276
076455106X
055334949X
0749318627
0553212621
032108764X
0312926057
0310234697
1560252480
039452764X
0192833596
0553204564
0446354732
0898799279
0836217373
0679777504
044922290X
0060973684
0312868952
0380777169
0743202759
0822011085
0394719859
0812508572
0671739794
0714838500
0394954602
0743245733
0440507545
0586052771
0413346102
1853260606
0142000159
0140430172
0451180240
0312311508
0380702886
0767902815
0385324081
006100717X
0812931912
0452281032
0553574027
0688171419
0062730231
0689848048
0596004788
0671729497
0765342456
0425193764
0140440925
0881339393
1853264199
1557482640
0425169480
0451524500
0345381467
0312970188
0671241109
0672307871
0688154379
0385489056
0226738019
038067470X
0312966792
0340768134
0849939844
0060081597
0590449710
0140268863
1563894491
0399132414
0060523794
0671508156
0679722556
0486285170
0671511564
0534608671
0130209899
0155062050
0448095521
1585420700
0553574469
0553276883
0671870807
0330364251
0304366323
044990699X
0761986286
0553568043
1590521277
0439101352
0002258587
0316743003
0425164179
0375718850
0679603069
0671010220
0670836184
0380805693
059046485X
0312982089
0671032739
0786015411
0553803581
0471218685
0130283266
0821770918
0590407198
0099268280
0679732454
0393968200
0061066559
0804209855
0521467071
0595653189
0140433171
0440400023
0895774046
0877956006
0764554298
0842356223
0809462044
006100328X
0671741330
0714530506
0743227166
0919626483
041502630X
037575251X
0440483077
0340778504
0435901001
0140284249
0743205391
0060187239
1880656728
0807847178
0895773880
0440237971
0713100788
082230273X
0743235665
0684839792
0684850133
0764586475
0764585789
0440414334
006092909x
1550416219
0517220822
0671022830
0764586076
0789410680
0141180145
0596000278
0311461670
0812217632
1567186599
0465037038
0943409004
0710509308
0375403175
0671034952
0064409058
089410392X
1586601121
076454280X
0340670932
1931513309
0714832472
1556591985
055348592X
0892814136
0821755757
0801863384
0553349961
0275227502
0764228218
0875423574
0130600342
055334949x
1592000681

=== computer_science ===
0671867156
0671004573
0152162445
0425161722
0141001771
0451191153
0671004565
0671042262
0743456866
0451458397
0425143325
0060987049
0684841347
0609807919
0142002267
0312199430
0679722645
0152009604
0875422462
0345456939
0440224853
0671027662
0345354621
0066620732
0061091464
0684810395
0439386012
0786862564
157322930X
1568849168
0451192575
1591824141
0451210972
0425165701
0312982518
0812502124
0553204769
0767906993
0440170796
034537536X
080757516X
1591822084
1931514461
0553122061
1558172831
0312926146
0671431056
0451162897
0380733358
0312854285
0762409053
1568304706
0425179230
0451180062
0312964943
0553574752
0425188132
0448095513
0671738690
0380792923
0765341093
0375725601
0764502611
067173914X
0804115486
1565925157
0552142131
0130661902
0786862726
0060933267
0345340892
0486280411
1568849443
0804116733
0380752867
0679456589
0440226732
0380796252
0764501879
0786861606
0679447156
1579546463
0785807217
0064409945
0060391480
0316911488
0440404983
0590435736
0425116166
0425110605
0915132664
0743455827
0671880160
0520073738
006009351X
0451527100
0670858382
0345346297
1562055593
0451450647
840804088X
0446359173
0811817962
0452273331
0307070034
1887896325
0743412850
1568383657
0152012419
0534365825
078795019X
0805072535
0813027187
0141184183
0262680025
0440205093
1575210878
0399140654
0689713916
0671694200
155105096X
0380751925
0201354705
0131829939
0380814889
0440219620
0812571363
0887430244
088001654X
0672320304
0316734896
0764534750
1562432338
0672311631
0821723030
032119375X
087364574X
0671646885
0312187777
0789429640
038073009X
0312866593
0688149596
089281764X
0812924789
0912158719
0142300950
0140086943
0226791548
0201576538
1565294394
0062517155
0446364428
0201353822
1883697867
0393314324
0679453091
0671773690
1579543413
0439121981
158660757X
1556613903
1552630048
1593270291
0872863328
0440162327
044021968X
080699620X
0761130632
0806524103

=== earth_science ===
0316693006
0385503857
0449907481
0380820447
0345375211
0385335881
0767902521
0553213504
034543076X
0385483503
0312267819
0345353145
0553295977
0786884142
0380713330
0486282694
0553286390
006098726X
3775713328
0679721037
038549081X
0425166805
0439053862
0345428455
0449220893
0345344464
0385334206
0451184785
0451525795
0875421245
0486266842
0609810103
014230218X
0425105334
0515136549
0425081818
0142000981
0425176614
0375757147
078670621X
0345368991
0553229281
0786866020
0060198303
038508854X
0553247921
0553291165
0385491077
0671521101
0394534433
0688103324
0140275010
055357681X
0739408461
0446607401
0553255509
0898156270
0375507779
0345387023
0679748156
0553280945
038076041X
0446353728
0061000469
0446314803
0345410084
0812505182
1575664305
0345444884
0515128015
0451458583
0312961308
0345381408
1550810510
1559638095
0812564618
0553273965
0590435272
0843945435
0449002411
0486229777
0553211277
0738204005
1901970310
0385271891
0140269886
0312890109
0836223012
0380729709
0060192488
0448095173
0804120048
0345320166
0439544165
0689842589
0888992750
0380804662
1853260126
0385721285
1558585362
0062517139
0060537639
0671040782
0743232100
1899762094
1899762043
0553104535
0439256364
0140250913
006052992X
0307131726
0786013095
0140067647
0062516582
0553247778
0192861832
0140267697
0671517414
0061008052
0670891770
0938151355
0140081135
1853262218
0679752986
0312307497
0809448858
1582432090
059046132X
0345291417
014036692X
0743467388
0849939542
0064402126
0590508318
0395710413
0553073494
1585672564
0671451405
034541778X
0684192837
0374199442
0373218362
185967111X
0310235588
0380790270
0809039435
0399237968
1855856093
0889610681
0072294280
0891074678
0590603841
155054652X
2877143198
2877143201
0843953284
0870447904
1582430675
0929141091
067166316X
0440413184
1864502894
0812015649
0892966076
0531156001
0312131151
0316831301
0060219807
1561794813
157765806X
0310286905
0809494663
0471383538
1561564818
0500281998
0553348477

