00000000
00000000000
000123361
0002158673
0006363062
00064409422
000644714620
000655068
000672296
000712728
00099551101
000_222_777
0012245121223
001942303250
002044250
002817982
002862869
0034472272
003453549310
0060195544
00644005650
006440336
006440630
00644110870
006443149
00644722640
0064473795
006754252
00766526
0084230911X
00876532
0099421813X
009978491
0131872032
0136666343
0140001979
014001751
01400307430
0140060266
014010362
0140126894
0140177394
014021649
014023750
01402545440
014032462
014032871
014036454
01403798501
014038572
014130689
014131088
0141328718
01420000981
015412151550
015558366150
01559027830
0156013893
018629111340
018759897060
019678974
0218140915
0219764110
0261107237
0263716048
026373918
02903081457
03.7156.7
0307127969
031296924
031297493
0312979811
031628495
031676948
033031582
033032952
033048205
0331561685
03395775396
0340393004
0340535236X
034058269
03408545960
0345256085195
0345265606
03452822256
034531386
034533762
0345345621
034535049
0345354658
03453844660
034543943
034544686
0349105414
0357325444
0373072077
0373155977
037325986745
037438706
0375480095
037570305
0375970060
0380000029
038001782
038042150
0380452782295
03805616X
038070827
038071152
038078431X
038079960
0383157878
0385077253
03853222160
038549081
038550120
03856053310
0391987430
039309251
0399219928
0400228859
040900468
0415525698
041688470
042517890
04251840
04252540
04316540
0432534220
0432566840
0435117383
0435121526
04372029
0439013914
043904399
043905871
043913957
043920688
04395075209
044000386
0440141168495
0440205492595
0440205875>>3
044020729
0440208823328
04402266860
044022840
044023722
044025701
044028513
044031488
04404398844
0440900189
0440943582>>2
0440967694..3
044100186
044100693
044126192X
0441484921195
044172351
044187133
04431056250
044609617
044631078
0446313106002
044660940
04489505X
044902684175
04497002766
0450041904
0451148033
045115575750
045152315
0452282428
0454576210
045L523369
046087135
046123460
0466365386
0484105940
04864Q4277
049130204
0509603868
0509674331
05148801400
051511640
05162443314
051749078
051854878
052594527
0533012606
0533211358
0533233661
0533274295
0533274503
0533289322
0535569910
055210827
05521520827
05530895285
0553127280
055315611
055315639295
0553248987>>2
0553260690
055327753
055327824X>>3
055328041350
0553283695
05532969981
055348531
0553486568
055358636
055381344
0576737098
0590061098
059010991
05901238785
059018749
059035342
059035420
059039720B
059041714
05904526601
0590467979
0590468194
059048141
059062808
059069216
05906991309
05909447110
059257013
06000602621
0600090383
060109207X
060256656
0605515752
061815082
064400077
06514251
06550053
0666320040
0670728139
067083047
067091133
06710045490
06710872672
06717031231
067174920
0671773510
0671784008
067181740
0671822209275
0671836082
067189859OBC
0671989264
0672722794
0676971411
0677829010
067973477
0679763671
067`027581
0681115311
0684878380684
0688167414
068817508
068971482
06898395530
06898489919
0694036251
069484267X
070972093
070989068704
071831006998
072253955
072310551
072320594
0734501537
074340078
0743407685
07472668
0747451006
074754624
074756342
075130728
07528438733
07636188292
07636241600
0771060545
078073006991
0785817089
0786862200
07868900002
0793345691220
0796961290
080078025
080410603
080410753
080411498B
0804160304
080532562
0811827413
081296633X
0812=5459580
0814115761
081671038
081672265
08217460202
0835504209
083616295
0836468730
084207827420
084226554970
084233570B
084320370360
08440223889
084772040550
084787108090
084896696350
084954891630
0879073234
0882516004
088396631
08844279
088891851
0891343580
08938802178
089577620
090968913
091967065
0921912090
0921912810
092272936
0929643063
093013108
0938819178225
0938819747495
0938819852495
0965030365
0965057430
0965088171
0965846868
0971687217
097203169
09741184206
098038072355
099178109
099771519
1,488/1,421)
10000000
1060902604
11238356
1132192X
1140087192
12123546500
121613/98
12307081075
1234561706
123456789
1234567890
136714463
139416034
14000077826
140034205
14093/86
154567609
15512450848
155166945X
1553269151
15577489564
1559746161
1560760682
156970209
15713994
1573353572
157731168
1582342119
1584855184
158852038
15911820537
15932800608
16490062
167160021
1689817851
174051448
1773456025231
178787469
18422550837
185501699
18553260436
186049899
1863812525
186386444
1871797299
188341069
188341077
188358/02
191819213
192093/03
192674/03
192675/03
192688881
19315114615
201001976
20132191498
202008731
20409233
2062004206200
2070334068
207036034
2070408079
207041573
210519752
2121234561
212317193
221075402
221104697
221104838
222602308
22530152730
225313653
2257228120
226603679
226609095
22666128825
229032117
22922424103
231233213
23322332
23358980
2422614189
2431250854
2459066062
250039394
2521428054
25411452
257716203
2621410541
266373394
2723423016
272427340
284599570
288405000X
29222424049
29222424065
294755441
30/6646/1
3011070908
312220855
3144801295
32502064
3261586225
3325100670023
3350000101
338188771
34010202293
340413035X
3406670000
340778063
34077856822
3423100424
3423708260
3440047725/9S
3442304980
344242527
344242529
344243386
344254159
34501532095
345019792095
345023021095
345272544250
345466750
345833422
34667829791
347352051
349912565
3499262454
350253266X
35600350
3570212419
361015322
363643810
3728541260
373104235150
3763247108
3781034920
37855190363
378552781
378553305
38000431095
380252389
3809407536
3860475884
3880510394
38885472201
394536746
394712587
39483612X
39484372X
394843754
399501487
399900012
401025260
40393837
4091042828
4141148981
425040348
43214113237
438303362
439139597
44001866175
44005853125
4442237432
44901668125
44901797
44902888095
451AE7709
451E9828
4531072962
46140689
4631506673
4879018070
4891362204
4902010000495
52300227150
528822713
538158931
538601306X
5386015402
5386015429
545318678641
55307027125
55307280075
5530773100
55308590195
553571060
55381275
55496871548
5751311543
583124976
586037950
586043470
590254812
592707261
597669126
604794086
618733532
631951068
644151296
646471365
6651801004
670010596
670259365
671774492
67177588X095
684124971
689669127
689710690
700970024
7020043275/1
7021449456
703599936
709930799
7100900250
7100900350
7126767100
714162727
716005778
71908979
721757016
7301365408
7508289001
7671400395
7678300699
779028986
7800053865/10
7800054262/10
7800054330/10
7800055523/10
780671034009
7807300499
782307359
782702478394
793188808
8001625191331
801040183
80614479619
8091411637
814907180
8221033666
8321362495
834860058
8371105167
84000000001
8400000003
8400000009
840000001
8420225222
8421628710
842264924I
8422693393
842306315
842399485
842468013
8429741773
8432021658
8432298509
843396982
843990650X
8440203694
84402207115
844068485
844069569
844731207O
844890766
844950348
846413036
846630592
8473855731
8475680524
847589064
847596776X
8482806167
84830068477
8483006993X
8483101337
848339462
848339640
84864780801
8488791634
84890774371
84955010301
8495796854
85080070993
8511046019
851602141
8691103247
871787532
8732500328
8735730669
87500671
880611587
880781272
880902407
88409806609
8844004662
884590184
884620137
885471345
885940249
8873122933
887424132
887818876
888019092
8884140807
8885412522
8890877701
8971007815
897580363
9076410222
914787567
9241568482
93.30.07.39
9420634808
946708109X
95007240X
950510863
9511061562
951283832
9526020011
9562180232
9586391688
9602500128
964760345
9671722778
9721716914
9722011532
972201840
972201949
9722020770
9722316573
972331608
9723817598
9724120200
972412522
972430292
972575235
972711405
9728305444
973254331
9733700212
9736820082
9739533901
978187834607
9788478885258
98300320
983378676
9838934218
9839216490
9881022419
9961723575
:+12082659096
ASSORT00626
B00005BBW4
B00005RID3
B00005W5VY
B00005W8I7
B00005WAAC
B00005WOUD
B00005XB0U
B00005XD6L
B00005XDYT
B0000640CT
B00006H3BO
B00007L4MJ
B00009NDBF
B00009RGB8
B0000B1O9O
B0000BJMMZ
B0000BSH37
B00019U4II
B0001GMSV2
B0001PBXMS
B158991965
B338032003
B37.3692002
BCID074116156
C81/2003
DOESNOTHAVEON
EBTTLE0650N8S
ISBN059050590
L55L668866
L9287490LL
M79702002
MOHSINDADAADN
MaeveBinchy
NA13152001
NA14322001
NA14332001
NANCYDREW
O141313242
O440222656
O440495962
O441555292
O452281903
O590459880
O590603647
O96815005550
ZR903CX0003
\0432534220"