0306809907
0895262762
0130282715
0738204005
0590035010
078795019X
0590508350
1593270348
0192861824
0451158237
0439049989
0240803884
0505523876
0849977312
1856979377
0743464451
1558747109
0307119793
0441009190
0385503857
0886778336
1556618638
0816703329
0060976926
0517208326
0020418604
0439087643
0345326490
0140378278
0689814321
0812590651
0688127169
1886411999
1571458506
8474322634
0743491777
0671795872
0894805002
1570231052
0505520265
0140390502
1583670254
0425192784
0717282783
0192880721
0385334206
0807537810
0960531815
0385311567
0590412981
0937295043
0722515936
0767902521
0590494244
0140201092
0439564212
0877018979
0140187375
0590881957
0140081135
0702224162
0140269630
1575420473
0525440984
0590884921
156718796X
0425173534
037550298X
0553503936
0425171132
007219300X
0743467795
0696211823
1884995071
0684854104
0806966440
0517595753
0385327730
0465016065
0375502319
0140243887
0671551396
0803717792
0684818868
1558504265
059087764X
0762409800
0130661902
0806995130
0590494414
0020427115
0763710792
0786881097
048627263X
0373078358
0590436147
006008460X
0609605313
0872863328
0192862189
0809494663
0684841177
0609601032
0743444051
0553276484
0553487493
0764507214
076454280X
0060242361
0375413022
0809448610
0505521822
0671550284
0886777917
0553486411
0806947241
0140346031
0762103388
0590452657
0553568027
0385504209
0590433059
0671578499
0140345809
0744001404
0708881297
0801487722
0875422462
0374384436
0696211297
0688003028
0786001453
0486282112
0155062050
0764534750
0689869118
156138190X
0590762567
0764104829
015201800X
3785534566
0762103280
1565294394
0553234412
044100301X
0688124887
0965608611
0679721037
1570643938
032119375X
0789706210
0472113372
0590429906
0062516582
0425173674
0806996676
0809448696
0025225804
1568304706
0672317206
0965866815
0874173221
0553487485
1893956393
1558532781
0345379330
3492233503
067165831X
1567185215
0441004709
0312263120
0836270207
1879431181
1572972971
0811831310
0892966076
0062733656
0590483471
0786810998
0874774241
0823413284
0310235588
0140346848
0786803398
038079439X
037550351X
0425065553
1575669072
0671024434
1851528709
1899762043
0399208534
078670621X
0905895835
0806903481
0425188817
0761451056
0809448653
0553578979
0836223012
1858683157
0316553530
0812015649
0440217067
0440845920
0394425553
0486205185
0756400163
2080135600
0385297793
067087762X
0912158719
0425076741
1569313997
067973239X
0867063505
0805070893
1566091594
0875965598
0131829939
0890511616
0743411307
0452263174
0553380168
0451456599
0806906189
0689821859
0141311096
1563052407
0679768114
1555661874
0875962920
0590944770
0439401860
0440237556
059045367X
0451204867
044041444X
0590457403
0425182673
0835902242
0345379187
082122056X
1840460431
0471383538
0849938678
0743455827
0895773538
0130139165
0871318059
1567184294
0771054920
0505522551
038508854X
0810941554
0785320423
1860648916
0446394211
1901970310
0764103202
0679419462
0816734208
0809448572
0534586171
0751309907
0425188426
0590543229
1564581764
0878937331
0385479565
0671734334
0026851555
0312866593
0316516007
0060219807
0312853238
0575073659
0671551655
0345383249
382285509X
0590879979
0590036394
0152021752
1863962654
0671042408
0345434110
044041833X
0590202278
0142000159
0441000150
1878257862
0764100769
0879852429
0689821875
0590494236
0590489410
0671730665
006092327X
0486218309
1558507205
038079294X
0304357278
0671743481
0505523426
0806987898
073870279X
0553570021
0743470133
1568844549
0679443746
0843950757
0875962947
0553487671
0671035630
0802775624
0307240770
0451192567
0671877437
044841838X
0590956159
1570627401
0664225985
0735202168
0440226600
0743444043
0971394202
1591823870
0590476890
0439176832
0151002991
0140046941
0689814763
0439294827
0947062939
0809232197
0786865512
0671877046
082340630x
0140275010
0671007793
0760700192
0764153730
0590448595
0425183009
0789477645
0812034422
043904362X
1559636823
1561384747
0345421426
0679838996
0689814097
0967251486
0806997672
0753450364
0316602906
080949454X
0553575007
0671024396
0385327072
0671673661
0743205227
0679457143
1559718641
1562478230
3785536763
0807083054
0764585304
0865713774
0618055819
0671873180
0743449150
0201353822
0590762583
0753451182
156584100X
034542705X
0066214122
0451527070
0670858382
0553568019
0688054293
006273380X
0962959170
0802775926
156458061X
0671250671
3785532024
0425115860
0525457453
0486266885
0345319656
0674445430
0761130632
038076041X
0451527712
0385008619
0201489899
0140345353
0964346036
0425192792
0345341678
0553492357
0596005830
0590884948
0192861026
0027077551
1887128425
0553493957
0439070333
157145165X
0312201729
0385499345
0060080507
0691033900
0590489402
0743400518
1558747028
0140378154
0205323669
0425194582
0505522802
0380776642
0515123757
0671040774
0590882732
0375414827
006101351X
0141301120
0525945431
068486424X
0590881965
0380753014
0671768549
0152008675
1566890667
0381999866
0060929898
038518400X
0380795558
0415167914
0151315108
0801853001
0553298119
0451523938
0609607995
067187599X
0525940154
0345428544
0373484909
0671767674
0553578944
0764113259
0671885073
0590660543
0871920786
0810915146
0875421229
0689828411
0836270061
0395645662
0262680025
1569717451
0590762648
0743444078
033033428X
0446613185
0671035614
0534608671
0670869392
1559583665
0679890637
155868686X
0553568728
0870447904
0207153671
0745150276
0345308239
0671014676
0590452037
0141183365
0425176932
038573008X
0394871804
1561445770
0380761203
0312970188
0809448777
0671015702
0590484125
0590762613
0782124674
0836270045
0375811648
0345391837
0471118494
1570624380
0786918063
0679419454
0671042955
1878257145
1881699021
0590473026
0809448297
0816748195
0515130133
059045563X
0521397928
0875421202
0671726889
0671550578
1892941589
0789723166
0201354934
0679762906
0786885777
0060987049
0553579037
0875426638
0684195984
1562056697
0020136803
0590216872
0765342294
0590496379
0385326742
0679453091
0590762591
1856979369
059012899X
0451457781
0441167306
1840242639
0919433871
1562477676
0782127215
0307113256
0525447644
0806995416
0764114638
1562820125
1879431033
1570718229
0345260708
0809448890
0440237165
0590881949
0810926237
0060914289
0517884410
0880883855
0684843927
0786807091
0553240013
0451455029
1586481258
0486281221
0812533313
1567181678
0060162945
0021795584
0590441698
0671504339
0345426118
0140298533
0374386137
1563055597
0671003968
0345346297
1586852590
0740721909
0553574183
0130957836
0316116025
0385321961
0553293362
0789429640
1857026691
0786864575
0425193764
0590640860
1558748164
0671007106
0449220354
0553487116
1558744029
0689844654
0425187055
0679752927
1561731617
0192833669
1856979342
1577684079
0590448919
1568849079
044166251X
0439974186
0713995831
092077525X
1573455687
1570362777
0140047433
0345356535
0553487663
0060523794
1593270291
1562949039
8440668058
1931561648
0590458469
0673520064
1558745718
1587990180
0345392825
0553487132
0590762605
1559638095
0688103324
0534365825
0812045998
0385484518
0590438743
006021905X
0061053562
0441569595
0439139287
1402710658
0886778964
0440228166
0553802100
0747559392
0758203187
0316526916
067081976X
0395291305
0590880748
0738203491
0590373889
0590921584
0843946237
0517555646
0671647482
0679740392
0684853949
9513904245
0553487655
0140086838
039951743X
0671011596
0399240071
0671527320
0060929871
0451132343
1580082394
0843119039
0141308109
0312995423
0142300896
0345260627
0451527631
0394701577
0380773155
0811817962
0440498058
055348768X
0671042718
0590477404
0822521296
0671721291
0812531108
0312146310
0345388259
0531156001
0887435378
0809494701
0936552034
0553579002
1858910684
048640966X
0310528801
0385489056
0743202236
155853329X
044990699X
0953249093
0312863144
0696209268
043913742X
0590762575
1570625190
1550740482
0915793806
0517880539
0345418778
0877847339
0465027407
0553487159
1566868521
0774712694
0340768134
0689828861
0135753171
1882770188
089565766X
0345377184
0152002715
0679881875
0809494620
0811821706
1562051326
0375708111
0345465296
0860201120
0385334176
0671774654
1902813308
0425158594
1572972343
0373441835
0803725116
0671551337
0743437330
0590419528
0517884402
0425161722
0743467558
0374199442
1878257528
0802713823
0553486861
0140320997
1566913101
0809448491
0590481355
0316234192
059040590X
0380791021
0060952970
0061097268
0553487124
0201688573
0743400771
0553106244
1566868769
0874778964
0964629100
0446677949
0684869543
034540954X
0684845946
1565925157
0399143947
0135658217
0876054122
